0 
0.0136899999999969 
0.649819999999977 
0.482730000000004 
-0.236090000000047 
-0.91014999999993 
0 
0 
11.78462 
331.34963 
374.86016 
374.70139 
374.88219 
374.77845 
375.05716 
375.06466 
374.48447 
368.8862 
373.83244 
374.33973 
268.55505 
-10.02679 
3.55449999999996 
62.13166 
368.05698 
367.74796 
367.74696 
374.08418 
114.1284 
0 
0 
0 
-0.856179999999995 
-338.68172 
-372.11344 
-332.13843 
-0.861450000000048 
-0.518529999999998 
-1.28882000000004 
-1.04248000000001 
-1.47575000000001 
-4.23686000000004 
-0.910960000000046 
0.749569999999949 
-0.100510000000043 
-0.547350000000051 
-0.0936599999999999 
-259.13689 
-376.215 
-369.13424 
-131.53755 
-0.424890000000005 
-0.04427000000004 
-3.04346000000004 
0.0759799999999586 
0.93723 
-0.610820000000047 
0.107249999999965 
0.83851999999996 
-114.02732 
-379.37221 
-365.59452 
-181.05955 
1.17786999999998 
2.79543999999999 
-1.07538 
-24.66591 
-155.01593 
-37.40856 
-34.0061 
-22.97079 
-83.22495 
-500 
-500 
-500 
-500 
500 
500 
-63.1364999999998 
500 
500 
500 
-500 
500 
500 
500 
500 
500 
343.71941 
132.99092 
144.94862 
211.96621 
316.26396 
0 
0 
-0.598599999999976 
-1.09413000000001 
0.215750000000014 
-1.35154999999997 
-1.60870999999997 
-0.654139999999984 
-378.61604 
-500 
-500 
499.3569 
500 
384.350519999999 
0 
0 
-0.300790000000006 
-0.191840000000013 
-0.664380000000051 
-0.0294700000000034 
-0.363630000000001 
-3.75816000000003 
-0.113680000000045 
-302.41901 
-359.9728 
-352.30009 
-218.8979 
-5.50856000000005 
123.50974 
125.08928 
124.36176 
123.9372 
124.79501 
120.55759 
122.61127 
124.09869 
123.65184 
23.56523 
-252.2869 
-237.79468 
-163.79508 
125.54319 
125.62662 
125.63522 
125.60952 
121.10343 
124.16802 
14.5333600000028 
0 
-0.605290000000025 
-191.24187 
-368.83183 
-355.89732 
-127.3303 
-123.9381 
-127.94031 
-131.75981 
-136.34926 
-131.57569 
-128.99789 
-127.91506 
-128.06372 
-129.05302 
-128.20493 
-265.84258 
-494.9619 
-482.8359 
-419.21681 
-127.30846 
-130.73895 
-128.30398 
-125.49034 
-126.80249 
-128.20322 
-128.22251 
-127.4061 
-349.59966 
-488.92828 
-138.434420000001 
142.482119999999 
212.21275 
207.734689999999 
205.163139999999 
144.35216 
100.742019999999 
100.503599999999 
99.6642499999995 
102.381419999999 
-0.0976700000005621 
-221.437200000001 
-208.840600000001 
-75.5769800000005 
147.24135 
143.18974 
145.312389999999 
147.2121 
129.89917 
153.43774 
180.217679999999 
176.060629999999 
145.45717 
181.677729999999 
181.719489999999 
-442.237270000001 
-500 
500 
500 
500 
492.61422 
54.4638499999999 
429.61402 
354.43047 
355.20081 
355.27141 
368.56188 
360.73589 
-11.9920300000001 
-0.756980000000112 
57.9886399999998 
85.3962000000146 
0 
0 
0 
0 
0 
0 
0 
0 
0 
0 
0 
0 
0 
0 
0 
0 
0 
0 
-500 
-431.71713 
-449.59342 
-460.22597 
-500 
-455.65021 
-452.67534 
-444.52015 
-145.73382 
-500 
500 
500 
500 
500 
499.27482 
499.00379 
500 
500 
341.83743 
0 
0 
0 
0 
0 
0 
-1.29084999999998 
-1.29313999999999 
-2.11536000000001 
-1.8236 
-2.30430999999999 
-1.18657999999999 
-94.16639 
-381.26802 
-367.60241 
-213.47082 
-1.80198000000001 
-0.973959999999977 
-1.34595999999999 
-1.97950000000003 
-2.38341000000003 
-2.14366000000001 
-2.70825000000002 
-3.39206000000002 
-3.04354000000001 
-6.32341000000002 
-360.91659 
-375.10355 
-342.43213 
-4.50040000000001 
-4.70657 
-8.14533 
-5.50249000000002 
-5.26497999999998 
-6.02483999999998 
-6.45152999999999 
-5.46397999999999 
-5.53910999999999 
-5.34685999999999 
-290.80719 
-378.38953 
-365.36793 
-21.74149 
-4.08794 
-4.05649 
-4.33136000000002 
-4.72210000000001 
-4.95357999999999 
-4.38468999999998 
-3.54118 
-4.22433000000001 
-5.77676000000002 
-9.06060000000002 
-191.52562 
-385.66036 
-500 
-500 
-500 
-67.43251 
346.81044 
347.14229 
248.88668 
-61.73716 
-42.39176 
-33.02726 
-25.3201299999999 
-19.94681 
-12.17467 
109.58002 
345.12246 
348.97304 
351.55132 
351.80011 
351.2213 
349.9456 
350.47206 
351.13607 
351.01351 
350.59297 
350.66942 
350.49068 
-61.35607 
-23.13746 
-10.32906 
192.13584 
319.955800000001 
0 
-0.112269999999967 
0.112270000000025 
0 
-1.34457000000003 
-1.91291000000001 
-251.98797 
-373.49271 
-360.76371 
-11.32574 
-1.5797 
-1.73217 
-2.16660000000002 
-3.28106000000003 
-500 
-500 
500 
-181.88447 
203.15656 
221.23538 
362.12736 
500 
404.95231 
0 
-10.37585 
-43.76897 
-500 
177.42321 
376.72161 
0 
0 
-354.74219 
-362.73213 
-354.47442 
-30.2080699999999 
-51.328 
-51.35633 
124.96126 
149.2677 
149.82672 
-17.38537 
33.72977 
134.70304 
-500 
-500 
500 
500 
500 
129.738019999999 
0 
0 
-0.784459999999996 
-1.12911 
-0.837810000000019 
-0.866440000000011 
-0.325630000000018 
-0.915760000000006 
-0.93556000000001 
-294.89732 
-368.81337 
-357.38416 
-116.24122 
0.284629999999993 
-0.105640000000022 
-0.501630000000006 
-0.904830000000004 
-1.22159000000002 
-1.09362000000002 
-1.72293000000002 
-1.2105 
-0.60136 
-372.22303 
-361.9234 
-266.07229 
-0.584830000000011 
-0.509160000000008 
-0.784300000000002 
-0.449900000000014 
-0.0993400000000122 
-0.284480000000002 
-0.80080000000001 
-0.441550000000007 
0.219429999999988 
-0.609800000000007 
-0.20583000000002 
-346.9487 
-362.48923 
-332.4896 
-0.151290000000017 
0.67743999999999 
0.152959999999979 
0.350429999999989 
0.262569999999982 
0.549639999999982 
0.706079999999986 
-0.61975000000001 
-0.690680000000015 
0.260040000000004 
-102.01106 
-371.95126 
-357.7665 
-191.23343 
-0.521740000000023 
-0.367199999999997 
-0.685960000000023 
-0.0183300000000202 
-0.225770000000011 
-0.934010000000001 
-1.20943 
-0.331060000000008 
0.0414600000000007 
-0.313000000000017 
-1.34878 
-367.32825 
-362.44504 
-311.96647 
-0.91810000000001 
-0.0433000000000163 
-0.218600000000009 
-0.499480000000005 
-0.00740000000001828 
-0.0201900000000137 
-0.0269000000000119 
-1.41022000000001 
-0.118580000000009 
-0.00625000000002274 
-189.59445 
-368.51974 
-172.593279999998 
92.3342800000018 
182.712080000002 
181.586080000002 
182.774890000002 
183.474350000002 
182.614030000002 
181.673500000002 
182.436190000002 
182.781060000002 
182.909370000002 
181.818240000002 
142.517340000002 
-196.331929999998 
-178.621759999998 
-156.073579999998 
-500 
-500 
500 
-500 
500 
500 
42.17378 
118.60448 
113.44642 
-18.1907 
-11.56489 
292.96771 
332.38076 
345.65428 
341.98263 
344.62621 
350.37158 
340.9467 
376.57972 
390.71918 
393.16539 
235.54784 
-119.79161 
-54.67882 
-9.13772000000006 
-500 
500 
500 
165.592919999974 
0 
-0.0163200000000643 
0.0163200000000696 
0 
0 
-0.454189999999926 
-1.30703999999992 
-366.0039 
-365.46121 
-353.11955 
-33.7586699999999 
0.457350000000019 
118.77531 
269.25552 
268.7929 
270.18612 
192.63736 
0 
-0.633980000000008 
-0.13918000000001 
-297.17099 
-375.72478 
-363.89446 
-82.75084 
-1.92495000000002 
-2.12598000000003 
-1.96608000000003 
-2.21531000000005 
-2.25503000000003 
-1.33796000000001 
-0.93022000000002 
-1.16916000000003 
-1.07441 
-1.2901 
-328.0117 
-372.98054 
-361.4651 
-46.69791 
-1.78986000000003 
-1.59246000000002 
-2.16156000000001 
-2.59648000000004 
-2.63290000000001 
-3.1352 
-3.01244000000003 
-3.87542999999999 
-3.21048999999999 
-2.62747000000002 
-369.80679 
-376.58978 
-365.7908 
-21.6024 
-4.87172000000004 
-4.52873 
-4.98157000000003 
-3.74326000000002 
-4.28530000000001 
-4.55914000000001 
-3.89383000000004 
-3.68024000000003 
-3.14927 
-3.54991000000001 
-3.41731000000004 
-398.39366 
-374.85753 
-364.55143 
-20.8905 
-3.41650000000004 
-4.03072000000003 
-4.82942000000003 
-4.13128 
-4.25156000000004 
-4.34112000000005 
-4.53721000000002 
-4.20030000000003 
-4.96933000000001 
-264.85936 
-377.86081 
-365.22844 
-58.75291 
-5.10282000000001 
-5.26819 
-5.62857000000002 
-5.75620000000004 
-5.94748000000004 
-4.68874 
-4.41613000000001 
-5.18581 
-5.47462000000002 
-4.42400000000004 
-114.79069 
-118.371649999999 
0 
75.84959 
500 
499.48101 
499.62024 
499.45569 
499.82706 
499.07595 
499.25316 
499.22784 
499.62026 
499.52706 
499.91139 
305.31646 
123.83429 
0 
0 
-0.275959999999998 
-0.468370000000021 
-0.784819999999996 
-0.675960000000003 
-0.126599999999996 
-0.126590000000022 
-0.0379900000000077 
-2.08862000000002 
-0.620249999999999 
-0.088610000000017 
-179.38846 
-185.3671 
-155.46837 
-1.34178 
-1.54432 
-1.31647000000001 
-1.13846000000001 
-1.1266 
-1.20253 
-0.742620000000016 
-311.6051 
-316.57961 
-227.76921 
-500 
-500 
500 
500 
500 
500 
389.884399999999 
0 
0 
0 
-500 
-500 
500 
454.14162 
45.8583799999999 
0 
0 
0 
0 
0 
-8.77475999999996 
-500 
-500 
466.26909 
465.73633 
76.7693399999993 
-43.9018800000006 
-295.288800000001 
-280.723410000001 
-160.729990000001 
80.7807399999994 
80.2022199999994 
80.4392399999994 
81.0962699999994 
80.9075299999994 
80.3898999999994 
80.7216599999994 
76.7743299999993 
79.6545999999994 
-61.3579600000007 
-294.722020000001 
-280.378500000001 
-119.051880000001 
80.4074699999994 
81.3755999999993 
81.7829199999994 
82.0294999999994 
81.7606499999993 
82.2598599999994 
78.2037599999994 
80.1081999999994 
80.5009599999993 
80.9044299999993 
5.85460000001992 
-391.42567999998 
-360.06285999998 
-340.69996999998 
6.2462600000199 
6.23558000001989 
6.34075000001991 
6.6834700000199 
3.26904000001991 
4.5908000000199 
5.70823000001991 
5.86075000001989 
6.19831000001992 
5.75356000001992 
-7.95381999998008 
-379.43157999998 
-358.58400999998 
-306.60219999998 
5.08837000001989 
6.36501000001991 
3.29629000001989 
3.54427000001991 
4.95234000001992 
5.01807000001992 
4.5203400000199 
4.43873000001992 
4.94285000001992 
5.4852400000199 
-132.66021999998 
-369.95847999998 
-356.42683999998 
-224.04724999998 
-310.81236999998 
-118.53207999998 
-20.9985399999801 
-32.9958899999801 
-43.5937799999801 
-53.4169099999801 
-57.8693099999801 
-12.9496899999801 
5.4019700000199 
4.33452000001989 
-178.04084999998 
-404.57343999998 
-406.97327999998 
-217.64780999998 
-41.9593199999801 
-37.3083499999801 
-44.6463099999801 
-38.0065899999801 
-25.9781499999801 
-31.9090999999801 
-35.8478799999801 
-34.2980999999801 
-56.2957499999801 
-134.18024999998 
-443.51380999998 
-104.074280001114 
25.0998799988859 
-25.0998799988858 
500 
500 
467.65324 
485.40252 
20.58935 
455.33715 
479.37903 
500 
327.58649 
125.01292 
135.96007 
256.28919 
421.31019 
365.50643 
371.20697 
379.70411 
209.06234 
0 
0 
-4.08378000000005 
-13.06036 
-11.92564 
-18.09651 
47.1662900000001 
0 
0 
0 
0 
0 
0 
0 
0 
0 
0 
0 
0 
0 
0 
0 
0 
0 
0 
0 
0 
0 
-436.36397 
-426.31598 
-426.89066 
-426.72459 
-500 
79.9177999999999 
500 
500 
500 
500 
136.3774 
0 
-5.49201000000005 
0.25648000000001 
-0.569619999999986 
-0.910740000000033 
-1.10431000000005 
7.82019999999983 
0 
-0.873739999999998 
-1.08418 
-0.942400000000021 
-398.78167 
-372.04386 
-360.09515 
-85.39647 
-1.54041000000001 
-2.49830000000003 
-1.92351000000002 
-1.48950000000002 
-1.59208999999998 
-3.11709999999999 
-2.99520000000001 
-2.90811000000002 
-500 
-500 
-478.01665 
326.50677 
325.78768 
325.92963 
126.31129 
-77.04345 
-61.26976 
-53.70182 
-46.0252700000001 
-38.2812 
-32.61028 
21.73727 
327.34762 
326.9601 
326.25729 
325.92121 
325.69233 
265.778930000002 
0 
-0.694880000000012 
0.694879999999953 
-16.7196000000001 
-391.33436 
-373.25425 
-361.64989 
-77.5162200000001 
-1.74538000000007 
-1.78609000000006 
0.231149999999957 

