0 
1.14083333333307E-06 
5.52924999999978E-05 
9.55199999999981E-05 
7.58458333333275E-05 
0 
0 
0 
0.000982051666666668 
0.0285945208333333 
0.0598328675 
0.0910579833333333 
0.122298165833333 
0.153529703333333 
0.184784466666667 
0.216039855 
0.247246894166667 
0.277987410833333 
0.309140114166667 
0.340335091666667 
0.362714679166667 
0.361879113333333 
0.362175321666667 
0.36735296 
0.398024375 
0.428670038333333 
0.459315618333333 
0.4904893 
0.5 
0.5 
0.5 
0.5 
0.499928651666667 
0.471705175 
0.440695721666667 
0.413017519166667 
0.412945731666667 
0.412902520833333 
0.412795119166667 
0.412708245833333 
0.412585266666667 
0.412232195 
0.412156281666667 
0.412218745833333 
0.41221037 
0.4121647575 
0.4121569525 
0.390562211666667 
0.359210961666667 
0.328449775 
0.3174883125 
0.317452905 
0.317449215833333 
0.317195594166667 
0.317201925833333 
0.317280028333333 
0.317229126666667 
0.317238064166667 
0.317307940833333 
0.307805664166667 
0.276191313333333 
0.245725103333333 
0.2306368075 
0.230734963333333 
0.230967916666667 
0.230878301666667 
0.228822809166667 
0.215904815 
0.212787435 
0.209953593333333 
0.208039360833333 
0.201103948333333 
0.159437281666667 
0.117770615 
0.0761039483333333 
0.0344372816666666 
0.0761039483333333 
0.117770615 
0.11250924 
0.154175906666667 
0.195842573333333 
0.23750924 
0.195842573333333 
0.23750924 
0.279175906666667 
0.320842573333333 
0.36250924 
0.404175906666667 
0.432819190833333 
0.4439017675 
0.455980819166667 
0.47364467 
0.5 
0.5 
0.5 
0.499950116666667 
0.499858939166667 
0.499876918333333 
0.499764289166667 
0.49963023 
0.499575718333333 
0.468024381666667 
0.426357715 
0.384691048333333 
0.426304123333333 
0.46797079 
0.5 
0.5 
0.5 
0.499974934166667 
0.4999589475 
0.4999035825 
0.499901126666667 
0.499870824166667 
0.499557644166667 
0.499548170833333 
0.474346586666667 
0.444348853333333 
0.4149905125 
0.396749020833333 
0.396289974166667 
0.4065824525 
0.417006559166667 
0.427370039166666 
0.437698139166667 
0.448097723333333 
0.458144189166666 
0.468361795 
0.4787033525 
0.4890076725 
0.490971441666666 
0.469947533333333 
0.45013131 
0.43648172 
0.4469436525 
0.4574125375 
0.467882139166666 
0.478349599166666 
0.488441551666666 
0.498788886666666 
0.5 
0.5 
0.499949559166667 
0.484012736666667 
0.453276750833333 
0.423618640833333 
0.4130077825 
0.4026796075 
0.392017915 
0.381037930833333 
0.3696754925 
0.358710851666667 
0.3479610275 
0.337301439166667 
0.3266294625 
0.315875044166667 
0.3051913 
0.283037751666667 
0.241790926666667 
0.201554601666667 
0.1666198675 
0.156010829166667 
0.145115916666667 
0.134423918333333 
0.12396639 
0.113399515833333 
0.102715914166667 
0.092030705 
0.08141353 
0.052280225 
0.0115362016666667 
1.73472347597681E-18 
0.01187351 
0.0295579058333333 
0.0468691299999999 
0.0639660583333332 
0.0759954049999998 
0.0843905733333331 
0.092765873333333 
0.1010712275 
0.1096030125 
0.109594873333333 
0.0911417733333328 
0.0737383899999995 
0.0674403083333328 
0.0797104208333327 
0.091642899166666 
0.103752264999999 
0.116019939999999 
0.126844870833333 
0.139631349166666 
0.154649489166666 
0.169321208333332 
0.181442639166666 
0.196582449999999 
0.211725740833332 
0.174872634999999 
0.133205968333332 
0.174872634999999 
0.216539301666666 
0.258205968333332 
0.299257153333332 
0.303795807499999 
0.339596975833332 
0.369132848333332 
0.398732915833332 
0.428338866666666 
0.459052356666666 
0.489113680833332 
0.488114344999999 
0.488051263333332 
0.492883649999999 
0.5 
0.5 
0.5 
0.5 
0.5 
0.5 
0.5 
0.5 
0.5 
0.5 
0.5 
0.5 
0.5 
0.5 
0.5 
0.5 
0.5 
0.5 
0.5 
0.458333333333333 
0.422356905833333 
0.3848907875 
0.346538623333333 
0.304871956666667 
0.266901105833333 
0.229178160833333 
0.192134815 
0.17999033 
0.138323663333333 
0.17999033 
0.221656996666667 
0.263323663333333 
0.30499033 
0.346596565 
0.388180214166667 
0.429846880833333 
0.4715135475 
0.5 
0.5 
0.5 
0.5 
0.5 
0.5 
0.5 
0.499892429166667 
0.4997846675 
0.4996083875 
0.499456420833333 
0.499264395 
0.499165513333333 
0.491318314166667 
0.459545979166667 
0.428912445 
0.41112321 
0.410973045 
0.410891881666667 
0.410779718333333 
0.41061476 
0.4104161425 
0.410237504166667 
0.410011816666667 
0.409729145 
0.409475516666667 
0.408948565833333 
0.378872183333333 
0.347613554166667 
0.319077543333333 
0.31870251 
0.318310295833333 
0.317631518333333 
0.3171729775 
0.316734229166667 
0.316232159166667 
0.315694531666667 
0.3152392 
0.3147776075 
0.314332035833333 
0.290098103333333 
0.2585656425 
0.228118315 
0.226306524166667 
0.2259658625 
0.225627821666667 
0.225266875 
0.224873366666667 
0.224460568333333 
0.2240951775 
0.223800079166667 
0.223448051666667 
0.222966655 
0.222211605 
0.206251136666667 
0.174112773333333 
0.132446106666667 
0.09077944 
0.0491127733333333 
0.0434933975 
0.0723942675 
0.101322791666667 
0.122063348333333 
0.116918585 
0.113385938333333 
0.110633666666667 
0.108523655833333 
0.106861421666667 
0.105846865833333 
0.114978534166667 
0.143738739166667 
0.172819825833333 
0.202115769166667 
0.231432445 
0.260700886666667 
0.28986302 
0.319069025 
0.348330364166667 
0.37758149 
0.406797570833333 
0.4360200225 
0.465227579166667 
0.460114573333333 
0.458186451666667 
0.457325696666667 
0.473337016666667 
0.5 
0.5 
0.499990644166667 
0.5 
0.5 
0.4998879525 
0.499728543333333 
0.478729545833333 
0.447605153333333 
0.417541510833333 
0.416597699166667 
0.4164660575 
0.41632171 
0.41614116 
0.415867738333333 
0.374201071666667 
0.332534405 
0.374201071666667 
0.3590440325 
0.375973745833333 
0.3944100275 
0.4245873075 
0.466253974166667 
0.5 
0.5 
0.499135345833333 
0.495487931666667 
0.453821265 
0.4686065325 
0.5 
0.5 
0.5 
0.470438150833333 
0.440210473333333 
0.410670938333333 
0.408153599166667 
0.403876265833333 
0.399596571666667 
0.41001001 
0.422448985 
0.434934545 
0.433485764166667 
0.436296578333333 
0.447521831666667 
0.405855165 
0.364188498333333 
0.405855165 
0.447521831666667 
0.489188498333333 
0.5 
0.5 
0.5 
0.499934628333333 
0.499840535833333 
0.499770718333333 
0.499698515 
0.499671379166667 
0.499595065833333 
0.4995171025 
0.474942325833333 
0.444207878333333 
0.414425865 
0.404739096666667 
0.404762815833333 
0.4047540125 
0.40471221 
0.4046368075 
0.404535008333333 
0.404443873333333 
0.404300295833333 
0.404199420833333 
0.4041493075 
0.373130721666667 
0.342970438333333 
0.3207977475 
0.320749011666667 
0.320706581666667 
0.320641223333333 
0.320603731666667 
0.320595453333333 
0.320571746666667 
0.320505013333333 
0.3204682175 
0.320486503333333 
0.320435686666667 
0.320418534166667 
0.2915061425 
0.261298706666667 
0.23359124 
0.2335786325 
0.233635085833333 
0.2336478325 
0.233677035 
0.233698915833333 
0.233744719166667 
0.233803559166667 
0.233751913333333 
0.233694356666667 
0.233716026666667 
0.225215105 
0.194219166666667 
0.164405291666667 
0.1484691725 
0.148425694166667 
0.148395094166667 
0.148337930833333 
0.148336403333333 
0.148317589166667 
0.148239755 
0.148138969166667 
0.148111380833333 
0.148114835833333 
0.1480887525 
0.147976354166667 
0.117365666666667 
0.0871619133333332 
0.0611647074999999 
0.0610881991666665 
0.0610845908333332 
0.0610663741666665 
0.0610247508333332 
0.0610241341666665 
0.0610224516666665 
0.0610202099999999 
0.0609026916666665 
0.0608928099999999 
0.0608922891666665 
0.0450927516666665 
0.0143827733333332 
0 
0.00769452333333349 
0.0229205300000003 
0.0380527033333338 
0.0532839441666673 
0.0685734733333341 
0.0837913091666676 
0.0989307675000011 
0.114133783333335 
0.129365538333335 
0.144607985833335 
0.159759505833335 
0.171635950833335 
0.155274956666669 
0.140389810000002 
0.127383678333336 
0.0857170116666689 
0.0440503450000023 
0.0857170116666689 
0.0440503450000023 
0.0857170116666689 
0.127383678333336 
0.130898160000002 
0.140781866666669 
0.150235735000002 
0.148719843333336 
0.147756102500002 
0.172170078333336 
0.199868475000002 
0.228672998333336 
0.257171550833336 
0.285890401666669 
0.315088033333336 
0.343500258333336 
0.374881901666669 
0.407441833333336 
0.440205615833336 
0.459834602500002 
0.449851968333336 
0.445295400000002 
0.444533923333336 
0.402867256666669 
0.444533923333336 
0.486200590000002 
0.5 
0.5 
0.49999864 
0.5 
0.5 
0.5 
0.499962150833333 
0.499853230833333 
0.469352905833333 
0.438897805 
0.409471175833333 
0.406657953333333 
0.406696065833333 
0.416594008333333 
0.439031968333333 
0.461431376666667 
0.483946886666667 
0.5 
0.5 
0.499947168333333 
0.49993557 
0.475171320833333 
0.4438609225 
0.413536384166667 
0.406640480833333 
0.406480068333333 
0.406302903333333 
0.406139063333333 
0.405954454166667 
0.405766535 
0.405655038333333 
0.40557752 
0.40548009 
0.405390555833333 
0.4052830475 
0.377948739166667 
0.3468670275 
0.316744935833333 
0.312853443333333 
0.312704288333333 
0.312571583333333 
0.312391453333333 
0.31217508 
0.311955671666667 
0.311694405 
0.311443368333333 
0.311120415833333 
0.310852875 
0.310633919166667 
0.279816686666667 
0.248434205 
0.217951638333333 
0.216151438333333 
0.215745461666667 
0.2153680675 
0.214952936666667 
0.214640998333333 
0.21428389 
0.213903961666667 
0.213579475833333 
0.213272789166667 
0.21301035 
0.212714524166667 
0.212429748333333 
0.179230276666667 
0.147992149166667 
0.117612863333333 
0.115871988333333 
0.11558728 
0.115251386666667 
0.114848935 
0.114504661666667 
0.114150365 
0.113788605 
0.113410504166667 
0.113060479166667 
0.112646368333333 
0.090574755 
0.0590863541666666 
0.0286506508333333 
0.0237545749999999 
0.0233293399999999 
0.0228903241666666 
0.0224212766666666 
0.0219415933333333 
0.0214459699999999 
0.0210552416666666 
0.0206872308333333 
0.0202550799999999 
0.0197988616666666 
0.0194301949999999 
0.0098643041666666 
0 
0 
0.00632079916666667 
0.0479874658333333 
0.0896108833333333 
0.131245903333333 
0.172867210833333 
0.214519465833333 
0.256109128333333 
0.297713558333333 
0.339315878333333 
0.3809509 
0.422578155 
0.4642374375 
0.489680475833333 
0.5 
0.5 
0.5 
0.499977003333333 
0.4999379725 
0.499872570833333 
0.499816240833333 
0.499805690833333 
0.499795141666667 
0.499791975833333 
0.499617924166667 
0.499566236666667 
0.4995588525 
0.484609814166667 
0.469162555833333 
0.456206858333333 
0.456095043333333 
0.45596635 
0.455856644166667 
0.4557617725 
0.455667889166667 
0.455567678333333 
0.455505793333333 
0.429538701666667 
0.4031570675 
0.3841763 
0.342509633333333 
0.300842966666667 
0.342509633333333 
0.3841763 
0.425842966666667 
0.467509633333333 
0.5 
0.5 
0.5 
0.5 
0.458333333333333 
0.416666666666667 
0.458333333333333 
0.496178468333333 
0.5 
0.5 
0.5 
0.5 
0.5 
0.5 
0.49926877 
0.457602103333333 
0.415935436666667 
0.454791194166667 
0.493602555 
0.5 
0.49634151 
0.47173411 
0.4483404925 
0.434946326666666 
0.441678055 
0.448361573333333 
0.455064843333333 
0.461822865833333 
0.468565159999999 
0.475264318333333 
0.481991123333333 
0.488388984166666 
0.495026867499999 
0.489913704166666 
0.465353535833332 
0.441988660833332 
0.432067670833332 
0.438768293333332 
0.445549593333332 
0.452364836666665 
0.459200628333332 
0.466014015833332 
0.472869004166665 
0.479385984166665 
0.486061667499998 
0.492770080833332 
0.499512116666665 
0.5 
0.467381193333335 
0.437375955000003 
0.408984290833338 
0.409504812500007 
0.410024444166675 
0.41055284000001 
0.411109795833345 
0.411382215833347 
0.411764782500015 
0.41224046833335 
0.412728864166685 
0.41324539000002 
0.413724853333355 
0.413062035000023 
0.381442736666692 
0.35156073583336 
0.326010552500028 
0.326434583333363 
0.326965000833365 
0.3272396916667 
0.327535047500035 
0.327947742500037 
0.328365915000038 
0.32874261000004 
0.329112504166708 
0.329524408333376 
0.329981511666711 
0.31892649333338 
0.288096620000048 
0.258394383333383 
0.239723779166718 
0.213822748333386 
0.203945075000055 
0.202195196666723 
0.199445539166725 
0.195812724166726 
0.191361315000061 
0.186538872500063 
0.185459731666731 
0.1859098958334 
0.186271105833401 
0.171434368333403 
0.137719915000071 
0.103805475000073 
0.0856681575000746 
0.0821715475000763 
0.0790625183334113 
0.0753419925000796 
0.0721747766667479 
0.0700099308334162 
0.0673508391667512 
0.0643635158334196 
0.0615053408334212 
0.0568140283334229 
0.0456323408334245 
0.00867285666675952 
-1.73472347597681E-18 
0.00209165666657382 
0 
0.0416666666666667 
0.0833333333333333 
0.122304436666667 
0.162754646666667 
0.164470425833333 
0.202415188333333 
0.242363440833333 
0.2840301075 
0.311328981666667 
0.321746725 
0.333076730833333 
0.354434163333333 
0.389543345833333 
0.420002215 
0.450936129166667 
0.482578138333333 
0.5 
0.5 
0.5 
0.499659685 
0.498571321666667 
0.497577518333333 
0.496069475833333 
0.5 
0.5 
0.5 
0.5 
0.5 
0.5 
0.5 
0.5 
0.5 
0.5 
0.5 
0.5 
0.5 
0.5 
0.5 
0.5 
0.5 
0.5 
0.5 
0.5 
0.5 
0.5 
0.463636335833333 
0.428110004166667 
0.3925357825 
0.3569754 
0.315308733333333 
0.32196855 
0.363635216666667 
0.405301883333333 
0.44696855 
0.488635216666667 
0.5 
0.5 
0.4995423325 
0.499563705833333 
0.4995162375 
0.4994403425 
0.499348316666667 
0.5 
0.5 
0.499927188333333 
0.49983684 
0.499758306666667 
0.466526500833333 
0.435522845833333 
0.405514916666667 
0.398398544166667 
0.398270176666667 
0.398061985 
0.3979016925 
0.3977775675 
0.397644893333333 
0.397385135 
0.397135535 
0.3968931925 
0.355226525833333 
0.313559859166667 
0.273725138333333 
0.300934035833333 
0.328083009166666 
0.355243811666667 
0.3657697525 
0.359349465 
0.354243651666667 
0.3497685 
0.345933060833333 
0.342742960833333 
0.3400254375 
0.341836876666667 
0.369115845 
0.39636252 
0.4235506275 
0.450710728333333 
0.477851755833333 
0.5 
0.5 
0.499942093333333 
0.5 
0.4986067 
0.465995503333333 
0.4348909825 
0.404753491666667 
0.398293806666667 
0.398148358333333 
0.3979995175 
0.39801878 

