316.04479 
316.04479 
316.04479 
316.04479 
316.04479 
320.28292 
650.58786 
689.61307 
689.61307 
689.61307 
689.61307 
689.61307 
689.61307 
689.61307 
689.61307 
689.61307 
689.61307 
689.61307 
689.61307 
689.61307 
689.61307 
689.61307 
689.61307 
689.61307 
689.61307 
689.61307 
689.61307 
689.61307 
430.44693 
319.73568 
315.5361 
314.8255 
314.8255 
314.8255 
314.8255 
314.8255 
314.8255 
314.8255 
314.8255 
314.8255 
314.8255 
314.8255 
314.8255 
314.8255 
314.8255 
314.8255 
314.8255 
314.8255 
314.8255 
314.8255 
314.8255 
314.8255 
314.8255 
314.8255 
314.8255 
314.8255 
314.8255 
314.8255 
314.8255 
314.8255 
314.8255 
314.8255 
314.8255 
314.8255 
314.8255 
314.8255 
314.8255 
314.8255 
314.8255 
314.8255 
314.8255 
314.8255 
336.42152 
612.46907 
894.50747 
4032.25846 
1682.9756 
1561.73717 
1561.73717 
1408.30326 
1015.86657 
946.02156 
2565.65044 
1485.15758 
940.16066 
938.7621 
938.03751 
926.95003 
926.95003 
926.95003 
926.95003 
926.95003 
738.73302 
421.992 
421.47503 
421.47503 
421.47503 
421.47503 
421.47503 
421.47503 
421.47503 
421.47503 
923.1995 
1006.98292 
1006.98292 
923.98687 
807.654179999999 
423.04301 
421.72932 
421.72932 
421.72932 
421.72932 
421.72932 
421.72932 
421.72932 
421.72932 
421.72932 
421.72932 
421.72932 
421.72932 
421.72932 
421.72932 
421.72932 
421.72932 
421.72932 
421.72932 
421.72932 
421.72932 
421.72932 
421.72932 
421.72932 
421.72932 
421.72932 
421.72932 
421.72932 
421.72932 
421.72932 
421.72932 
421.72932 
421.72932 
311.540190000003 
296.89074 
296.89074 
296.89074 
296.89074 
296.89074 
296.89074 
296.89074 
296.89074 
296.89074 
296.89074 
296.89074 
296.89074 
296.89074 
296.89074 
296.89074 
296.89074 
296.89074 
296.89074 
296.89074 
296.89074 
296.89074 
296.89074 
296.89074 
296.89074 
296.89074 
296.89074 
296.89074 
296.89074 
296.89074 
296.89074 
636.074589999999 
636.074589999999 
636.074589999999 
636.074589999999 
636.074589999999 
636.074589999999 
636.074589999999 
636.074589999999 
636.074589999999 
636.074589999999 
636.074589999999 
636.074589999999 
636.074589999999 
636.074589999999 
636.074589999999 
636.074589999999 
636.074589999999 
636.074589999999 
636.074589999999 
636.074589999999 
636.074589999999 
636.074589999999 
636.074589999999 
636.074589999999 
636.074589999999 
636.074589999999 
2075.92819 
1426.61547 
1110.07833 
1065.56184 
1065.56184 
1065.56184 
1065.56184 
1065.56184 
1065.56184 
1065.56184 
1065.56184 
1065.56184 
1065.56184 
1065.56184 
1065.56184 
777.863370000015 
0 
0 
0 
0 
0 
0 
0 
0 
0 
0 
0 
0 
0 
0 
0 
0 
0 
0 
170.08574 
170.08574 
170.08574 
170.08574 
485.36345 
485.36345 
485.36345 
485.36345 
485.36345 
2056.97329 
832.66463 
808.20508 
807.5735 
807.40375 
807.40375 
807.40375 
807.36431 
805.82667 
769.93795 
688.15539 
674.36483 
565.92326 
307.1291 
306.63996 
305.98521 
305.98521 
305.98521 
305.98521 
305.98521 
305.98521 
305.98521 
305.98521 
305.98521 
305.98521 
305.98521 
305.98521 
305.98521 
305.98521 
305.98521 
305.98521 
305.98521 
305.98521 
305.98521 
305.98521 
305.98521 
305.98521 
305.98521 
305.98521 
305.98521 
305.98521 
305.98521 
305.98521 
305.98521 
305.98521 
305.98521 
305.98521 
305.98521 
305.98521 
305.98521 
305.98521 
305.98521 
305.98521 
305.98521 
305.98521 
305.98521 
305.98521 
305.98521 
305.98521 
305.98521 
305.98521 
305.98521 
305.98521 
305.98521 
305.98521 
464.34259 
660.7456 
661.93804 
661.93804 
661.93804 
661.93804 
661.93804 
661.93804 
661.93804 
661.93804 
661.93804 
661.93804 
661.93804 
661.93804 
661.93804 
661.93804 
661.93804 
661.93804 
661.93804 
661.93804 
661.93804 
661.93804 
661.93804 
661.93804 
661.93804 
661.93804 
661.93804 
661.93804 
661.93804 
661.93804 
630.890580000001 
311.6612 
311.6612 
309.70097 
309.34463 
309.34463 
309.34463 
309.34463 
309.34463 
309.34463 
309.34463 
309.34463 
309.34463 
309.34463 
309.34463 
964.12879 
1653.20171 
1296.83603 
1296.83603 
1296.83603 
1296.83603 
1296.83603 
1213.05322 
1087.78867 
671.96748 
671.96748 
671.96748 
1428.64508 
1428.64508 
954.19917 
576.49019 
574.41303 
574.41303 
574.41303 
574.41303 
574.41303 
574.41303 
574.41303 
574.41303 
574.41303 
574.41303 
574.41303 
574.41303 
574.41303 
1088.12062 
2392.19778 
2081.52805 
2070.38279 
656.79857 
286.796539999999 
156.61082 
156.1658 
156.1658 
156.1658 
156.1658 
156.1658 
156.1658 
156.1658 
156.1658 
156.1658 
156.1658 
156.1658 
156.1658 
156.1658 
156.1658 
156.1658 
156.1658 
156.1658 
156.1658 
156.1658 
156.1658 
156.1658 
156.1658 
156.1658 
156.1658 
156.1658 
156.1658 
156.1658 
156.1658 
156.1658 
156.1658 
156.1658 
156.1658 
156.1658 
156.1658 
156.1658 
156.1658 
156.1658 
156.1658 
156.1658 
156.1658 
156.1658 
156.1658 
156.1658 
156.1658 
156.1658 
156.1658 
156.1658 
156.1658 
156.1658 
156.1658 
156.1658 
156.1658 
156.1658 
156.1658 
156.1658 
156.1658 
156.1658 
156.1658 
156.1658 
156.1658 
156.1658 
156.1658 
156.1658 
156.1658 
156.1658 
156.1658 
156.1658 
156.1658 
156.1658 
156.1658 
156.1658 
156.1658 
156.1658 
156.1658 
156.1658 
156.1658 
156.1658 
156.1658 
339.027830000002 
339.027830000002 
339.027830000002 
339.027830000002 
339.027830000002 
339.027830000002 
339.027830000002 
339.027830000002 
339.027830000002 
339.027830000002 
339.027830000002 
339.027830000002 
339.027830000002 
339.027830000002 
339.027830000002 
339.027830000002 
1178.11332 
2090.35433 
1242.97764 
1454.78374 
995.32977 
949.43521 
949.43521 
949.43521 
949.43521 
949.43521 
949.43521 
949.43521 
949.43521 
949.43521 
949.43521 
949.43521 
949.43521 
949.43521 
949.43521 
949.43521 
949.43521 
949.43521 
949.43521 
949.43521 
949.43521 
1923.19233 
1084.07088 
1082.12046 
746.729969999973 
580.63541 
580.63541 
580.15174 
578.92415 
574.82775 
574.82775 
574.82775 
574.82775 
574.82775 
574.82775 
574.82775 
574.82775 
574.82775 
574.82775 
574.82775 
574.82775 
497.56683 
305.35506 
305.35506 
305.35506 
305.35506 
305.35506 
305.35506 
305.35506 
305.35506 
305.35506 
305.35506 
305.35506 
305.35506 
305.35506 
305.35506 
305.35506 
305.35506 
305.35506 
305.35506 
305.35506 
305.35506 
305.35506 
305.35506 
305.35506 
305.35506 
305.35506 
305.35506 
305.35506 
305.35506 
305.35506 
305.35506 
305.35506 
305.35506 
305.35506 
305.35506 
305.35506 
305.35506 
305.35506 
305.35506 
305.35506 
305.35506 
305.35506 
305.35506 
305.35506 
305.35506 
305.35506 
305.35506 
305.35506 
305.35506 
305.35506 
305.35506 
305.35506 
305.35506 
305.35506 
305.35506 
305.35506 
305.35506 
305.35506 
305.35506 
305.35506 
305.35506 
305.35506 
305.35506 
305.35506 
305.35506 
305.35506 
305.35506 
305.35506 
305.35506 
305.35506 
305.35506 
305.35506 
305.35506 
305.35506 
305.35506 
571.462330000001 
675.44158 
675.44158 
637.16456 
637.16456 
637.16456 
637.16456 
637.16456 
637.16456 
637.16456 
637.16456 
637.16456 
637.16456 
637.16456 
637.16456 
446.82163 
317.34177 
136.92404 
136.92404 
136.92404 
136.92404 
136.92404 
136.92404 
136.92404 
136.92404 
136.92404 
136.92404 
136.92404 
136.92404 
136.92404 
136.92404 
136.92404 
136.92404 
136.92404 
136.92404 
136.92404 
136.92404 
136.92404 
136.92404 
136.92404 
136.92404 
1115.90887 
1949.98946 
1439.9975 
1169.32162 
1080.62159 
1077.49947 
962.357419999999 
570.11611 
568.87646 
566.00458 
1402.80312 
2528.00783 
1531.40531 
1531.40531 
1093.31756 
890.16036 
705.85647 
701.22675 
483.02388 
433.80103 
433.80103 
523.97371 
623.50347 
623.50347 
623.50347 
238.957929999999 
238.957929999999 
238.957929999999 
238.957929999999 
238.957929999999 
238.957929999999 
238.957929999999 
238.957929999999 
238.957929999999 
238.957929999999 
238.957929999999 
238.957929999999 
238.957929999999 
238.957929999999 
238.957929999999 
238.957929999999 
238.957929999999 
238.957929999999 
238.957929999999 
238.957929999999 
238.957929999999 
238.957929999999 
238.957929999999 
238.957929999999 
238.957929999999 
238.957929999999 
238.957929999999 
238.957929999999 
163.79525000002 
163.79525000002 
163.79525000002 
163.79525000002 
163.79525000002 
163.79525000002 
163.79525000002 
163.79525000002 
163.79525000002 
163.79525000002 
163.79525000002 
163.79525000002 
163.79525000002 
163.79525000002 
163.79525000002 
163.79525000002 
163.79525000002 
163.79525000002 
163.79525000002 
163.79525000002 
163.79525000002 
163.79525000002 
163.79525000002 
163.79525000002 
163.79525000002 
163.79525000002 
163.79525000002 
163.79525000002 
163.79525000002 
163.79525000002 
163.79525000002 
163.79525000002 
163.79525000002 
163.79525000002 
163.79525000002 
163.79525000002 
163.79525000002 
163.79525000002 
163.79525000002 
163.79525000002 
163.79525000002 
163.79525000002 
163.79525000002 
163.79525000002 
163.79525000002 
163.79525000002 
163.79525000002 
163.79525000002 
163.79525000002 
163.79525000002 
163.79525000002 
163.79525000002 
163.79525000002 
163.79525000002 
163.79525000002 
163.79525000002 
163.79525000002 
422.512129998886 
422.512129998886 
2058.45691000111 
697.12624 
657.48532 
657.48532 
657.48532 
657.48532 
657.48532 
657.48532 
656.58169 
656.58169 
656.58169 
656.58169 
656.58169 
656.58169 
656.58169 
656.58169 
656.58169 
478.29262 
270.61687 
265.17301 
265.17301 
265.17301 
265.17301 
265.17301 
47.1662900000001 
0 
0 
0 
0 
0 
0 
0 
0 
0 
0 
0 
0 
0 
0 
0 
0 
0 
0 
0 
0 
0 
0 
0 
0 
0 
1511.58232 
1511.58232 
1412.38196 
1101.20262 
1049.16787 
1048.8169 
684.369309999999 
548.06665 
548.06665 
548.06665 
548.06665 
548.06665 
548.06665 
544.8519 
299.70029 
299.70029 
299.70029 
299.70029 
299.70029 
299.70029 
299.70029 
299.70029 
299.70029 
299.70029 
299.70029 
299.70029 
299.70029 
299.70029 
299.70029 
299.70029 
509.2105 
631.21183 
631.21183 
631.21183 
631.21183 
631.21183 
631.21183 
631.21183 
631.21183 
631.21183 
631.21183 
631.21183 
631.21183 
631.21183 
631.21183 
631.21183 
631.21183 
631.21183 
631.21183 
570.816760000002 
305.39225 
305.39225 
305.26968 
305.26968 
305.26968 
305.26968 
305.26968 
305.26968 
305.26968 
305.26968 
305.26968 

