0.0153296008333333 
0.0306603425 
0.046044095 
0.0614139233333333 
0.07672385 
0.0916244275 
0.120742105833333 
0.146607683333333 
0.1734553125 
0.143600025833333 
0.117370616666667 
0.0911279766666667 
0.10656707 
0.121997518333333 
0.1374511925 
0.152905491666667 
0.168311441666667 
0.183250869166667 
0.198602483333333 
0.213996371666667 
0.22057487 
0.245604881666667 
0.2717666675 
0.302809883333333 
0.2760135425 
0.24919145 
0.222369274166667 
0.1960752 
0.1697153225 
0.1430706825 
0.1167760075 
0.0905405491666667 
0.105900409166667 
0.1347748075 
0.160863229166667 
0.190282901666667 
0.163975655833333 
0.137696986666667 
0.111354126666667 
0.085031795 
0.100340024166667 
0.115418160833333 
0.130773455833333 
0.146267128333333 
0.161689960833333 
0.177075556666667 
0.19249896 
0.228002094166667 
0.253748719166667 
0.2800854075 
0.242888486666667 
0.216617620833333 
0.190378473333333 
0.163889393333333 
0.137660266666667 
0.111502910833333 
0.0852165508333333 
0.100656696666667 
0.116157781666667 
0.122086713333333 
0.1475702375 
0.1742019025 
0.132878148333333 
0.106740845833333 
0.0807383408333333 
0.0960799341666666 
0.10945565 
0.111968864166667 
0.1242826925 
0.136880059166667 
0.150397035 
0.158892830833333 
0.172524370833333 
0.204818615 
0.213609659166667 
0.252588120833333 
0.237340154166667 
0.23219539 
0.2634559175 
0.229430645833333 
0.228108431666667 
0.190939968333333 
0.227135765 
0.186705966666667 
0.150025911666667 
0.113462403333333 
0.0769592775 
0.083046775 
0.117777556666667 
0.134947630833333 
0.15311418 
0.176865528333333 
0.141659773333333 
0.106493773333333 
0.0713708541666666 
0.0778647183333333 
0.0843172883333333 
0.090879015 
0.0973101333333333 
0.103719821666667 
0.1102090575 
0.126868135 
0.133268176666667 
0.174352933333333 
0.173717431666667 
0.1383851925 
0.1031098875 
0.0678563033333333 
0.0743788599999999 
0.0808763508333333 
0.0873829208333333 
0.0938501125 
0.100370213333333 
0.1068624675 
0.113071844166667 
0.1195849275 
0.142572566666667 
0.160764056666667 
0.179594939166667 
0.209542670833333 
0.173939514166667 
0.1490878825 
0.124367879166667 
0.0995872491666666 
0.116437905833333 
0.133360046666667 
0.149929069166667 
0.166669231666667 
0.183533345833333 
0.2003602225 
0.208846548333333 
0.236011863333333 
0.264384863333333 
0.298924496666667 
0.274242319166667 
0.249567094166667 
0.224892585833333 
0.200215935833333 
0.175163778333333 
0.150367003333333 
0.125616434166667 
0.100875539166667 
0.0760842033333332 
0.0770731524999999 
0.104929605 
0.133863933333333 
0.0985121799999999 
0.105109776666667 
0.111373855833333 
0.117319643333333 
0.122882976666667 
0.1288441075 
0.135020055 
0.141286238333333 
0.147540033333333 
0.153711386666667 
0.159953414166667 
0.196392304166667 
0.2137379175 
0.232094030833333 
0.255751735 
0.220401801666667 
0.184765994166667 
0.149333100833333 
0.1141346775 
0.0788269083333333 
0.0850690783333333 
0.0913096408333333 
0.0976182375 
0.127077370833333 
0.144925785833333 
0.163716701666667 
0.122583995833333 
0.0872621758333333 
0.0932338508333333 
0.09899123 
0.0996810275 
0.138403313333333 
0.177105730833333 
0.2157382025 
0.254597105 
0.284916083333333 
0.296790100833333 
0.309713835 
0.333742870833333 
0.2930067675 
0.25193303 
0.21103618 
0.170297639166667 
0.2114496875 
0.17122995 
0.133241874166667 
0.0949073775 
0.0956892591666666 
0.0994895208333333 
0.1032932625 
0.138433940833333 
0.173773258333333 
0.138221969166667 
0.129048775 
0.123585288333333 
0.11750632 
0.158248154166667 
0.146919169166667 
0.129324888333333 
0.1117948025 
0.0942706 
0.119520603333333 
0.144118440833333 
0.179322285 
0.215462383333333 
0.25649795 
0.240459019166667 
0.240459019166667 
0.240459019166667 
0.240459019166667 
0.240459019166667 
0.240459019166667 
0.240459019166667 
0.240459019166667 
0.240459019166667 
0.240459019166667 
0.240459019166667 
0.240459019166667 
0.240459019166667 
0.240459019166667 
0.240459019166667 
0.240459019166667 
0.240459019166667 
0.240459019166667 
0.240459019166667 
0.267951874166667 
0.301134968333333 
0.332828371666667 
0.363635729166667 
0.364855441666667 
0.36977097 
0.374934404166667 
0.3807774375 
0.411519331666667 
0.448438224166667 
0.420716171666667 
0.395032415 
0.36940129 
0.343784310833333 
0.3181069 
0.292406903333333 
0.266793210833333 
0.241307655 
0.205632611666667 
0.2316196625 
0.258755926666667 
0.294928988333333 
0.269334896666667 
0.243781566666667 
0.218282799166667 
0.192676460833333 
0.167069931666667 
0.141394884166667 
0.11574415 
0.0900533566666668 
0.106122374166667 
0.114443074166667 
0.140505305 
0.167706336666667 
0.2077516675 
0.182102735 
0.156522804166667 
0.130911873333333 
0.1052481475 
0.0795507625000001 
0.0955400233333335 
0.111482235 
0.1273674625 
0.143281733333333 
0.158922681666667 
0.186680865 
0.213256801666667 
0.242555356666667 
0.216681555833333 
0.190790574166667 
0.164613029166667 
0.138655720833333 
0.112718205 
0.0867173675000001 
0.102347639166667 
0.118060206666667 
0.133766513333333 
0.149488840833333 
0.183089474166667 
0.209391579166667 
0.2367788175 
0.209468259166667 
0.18362883 
0.157792021666667 
0.1319323075 
0.106040031666667 
0.0801284658333334 
0.0959309741666668 
0.111803775 
0.127619646666667 
0.143306149166667 
0.158718998333333 
0.158926429166667 
0.184622631666667 
0.1875940825 
0.2158652825 
0.2440371125 
0.2249229 
0.198662266666667 
0.1724292875 
0.138008340833333 
0.1610354075 
0.185674590833333 
0.211094149166667 
0.237155968333333 
0.263665564166667 
0.290822838333333 
0.328126336666667 
0.301725038333333 
0.275644621666667 
0.249779061666667 
0.223934234166667 
0.1980411725 
0.1720418025 
0.146086304166667 
0.12018614 
0.0942757625000002 
0.109997006666667 
0.125724621666667 
0.141437341666667 
0.164496165833333 
0.190739874166667 
0.218050949166667 
0.178900765833333 
0.152989534166667 
0.1270177675 
0.101036645 
0.0752375866666668 
0.0911255341666668 
0.106901434166667 
0.1226299725 
0.159185589166667 
0.185615810833333 
0.2131067825 
0.186384251666667 
0.160473890833333 
0.134550824166667 
0.108591555 
0.0825394141666668 
0.0855286816666668 
0.114428539166667 
0.0896922033333335 
0.0914654950000001 
0.125325539166667 
0.160692151666667 
0.124466429166667 
0.106711994166667 
0.0914756308333334 
0.118811674166667 
0.145283063333333 
0.1689716925 
0.174917935833333 
0.15398278 
0.147526316666667 
0.141152134166667 
0.134951048333333 
0.0991881133333334 
0.104426016666667 
0.1103520625 
0.143300304166667 
0.174488551666667 
0.205674438333333 
0.168220124166667 
0.132791346666667 
0.0974091541666668 
0.131425954166667 
0.169702349166667 
0.13305985 
0.167383131666667 
0.17636665 
0.169572645833333 
0.163707413333333 
0.150640865833333 
0.137552655833333 
0.124501754166667 
0.1114879375 
0.0984087491666668 
0.126967506666667 
0.155550539166667 
0.184131185833333 
0.2127569 
0.241333436666667 
0.269908323333333 
0.273986396666667 
0.313571465833333 
0.354108969166667 
0.331408384166667 
0.318418286666667 
0.305395666666667 
0.2923400475 
0.279250828333333 
0.2661352125 
0.253030260833334 
0.239872866666667 
0.226758175 
0.213694245 
0.252995175833334 
0.293154409166667 
0.257967901666667 
0.244905349166667 
0.2318491025 
0.2187699275 
0.205718619166667 
0.192696524166667 
0.179659000833333 
0.166578450833334 
0.153527838333334 
0.1405323075 
0.127467674166667 
0.114436705 
0.15584383 
0.195955910833334 
0.1552346275 
0.142208203333334 
0.12925084 
0.11624977 
0.103265155833334 
0.0902732200000002 
0.118971873333334 
0.147683563333333 
0.1762847675 
0.204880060833333 
0.233554580833333 
0.253706509166667 
0.2930300875 
0.333535729166667 
0.304585793333333 
0.291528498333333 
0.278484081666667 
0.265413101666667 
0.2523977575 
0.239365126666667 
0.226273475833333 
0.213158873333333 
0.200117468333333 
0.187107106666667 
0.174067206666667 
0.160940991666667 
0.200649820833333 
0.240765584166667 
0.201754561666667 
0.188664236666667 
0.175646811666667 
0.162614778333333 
0.149559338333333 
0.136544905 
0.123529405833333 
0.1105133475 
0.0973820125000001 
0.126024980833333 
0.15467731 
0.1675306225 
0.207140160833333 
0.247838401666667 
0.227280605833333 
0.214254293333333 
0.2011341475 
0.188113069166667 
0.175150279166667 
0.162115795833333 
0.149002935 
0.135953631666667 
0.1229330675 
0.109923195833333 
0.0968223966666667 
0.122113189166667 
0.160833209166667 
0.201029076666667 
0.159770625833333 
0.186594515833333 
0.220731655 
0.200483518333333 
0.20425154 
0.162974059166667 
0.125521125 
0.133249339166667 
0.147346778333333 
0.161014379166667 
0.16371222 
0.166962211666667 
0.19558992 
0.227502049166667 
0.260520305 
0.29323259 
0.326165173333333 
0.3595765375 
0.392202495 
0.427797870833333 
0.464571535 
0.459882383333333 
0.442058435833333 
0.477956200833333 
0.477613365 
0.439398954166667 
0.445799593333333 
0.438793686666667 
0.431950315 
0.425188894166667 
0.418469276666667 
0.411748299166667 
0.4050703475 
0.398493335 
0.392257689166667 
0.385984194166667 
0.379639628333333 
0.3429036575 
0.306212910833333 
0.270550635833333 
0.2615017675 
0.255304234166667 
0.217299864166667 
0.191835511666667 
0.1663326075 
0.140945805 
0.115535015833333 
0.0900887608333333 
0.106256340833333 
0.122465154166667 
0.155587983333333 
0.182164663333333 
0.209727203333333 
0.177385045 
0.1517783775 
0.1261549575 
0.1005448625 
0.0749139983333333 
0.0909464908333333 
0.107055405833333 
0.123198299166667 
0.139321280833333 
0.155452158333333 
0.171565061666667 
0.202117831666667 
0.228923198333333 
0.256688185 
0.2273504375 
0.2017550275 
0.1761760675 
0.1505496825 
0.124887054166667 
0.0992213908333333 
0.115180535833333 
0.131149910833333 
0.14704737 
0.163000240833333 
0.179001696666667 
0.2060715425 
0.232576139166667 
0.259980650833333 
0.232734195833333 
0.206881964166667 
0.181058315 
0.155196929166667 
0.129438735833333 
0.1036353725 
0.0778091891666667 
0.093705115 
0.10961884 
0.1255768125 
0.141501398333333 
0.157437034166667 
0.182124640833333 
0.208773591666667 
0.236281384166667 
0.209094254166667 
0.183363290833333 
0.1575811425 
0.131732435833333 
0.1059419075 
0.0801413558333333 
0.0960000074999999 
0.111842318333333 
0.127712705 
0.143519005833333 
0.179334470833333 
0.205733148333333 
0.233184523333333 
0.2028421925 
0.1769707025 
0.151085431666667 
0.125170129166667 
0.0992441908333332 
0.114968979166667 
0.1307986625 
0.146651063333333 
0.162439324166667 
0.1782035175 
0.1940552625 
0.200709783333333 
0.226556951666667 
0.253603486666667 
0.286970820833333 
0.275540440833333 
0.264066811666667 
0.252604785 
0.241129045833333 
0.229684254166667 
0.21817687 
0.206684253333333 
0.195189526666667 
0.183727501666667 
0.17225771 
0.160819945833333 
0.1331659375 
0.106250325833333 
0.0798051783333332 
0.110061508333333 
0.140294841666667 
0.170512140833333 
0.200703069166667 
0.230903069166667 
0.261148849166667 
0.29139463 
0.321647794166667 
0.3517300725 
0.381934715 
0.412183660833333 
0.4274909525 
0.442300024166667 
0.459600656666667 
0.448078505 
0.436539475 
0.4250194325 
0.413514224166667 
0.402010004166667 
0.390499456666667 
0.379027235 
0.341649806666667 
0.303857835833333 
0.273466731666667 
0.305474325833333 
0.309641870833333 
0.2729754125 
0.2588652775 
0.252146811666666 
0.2456885225 
0.239649104166666 
0.233806095 
0.22806639 
0.222566008333333 
0.230665748333333 
0.269998429166667 
0.26738132 
0.260942679166666 
0.2569877475 
0.224474384166666 
0.207319678333333 
0.1905507825 
0.1502987925 
0.114148706666667 
0.0772673908333332 
0.116936248333333 
0.148310959166667 
0.135208094166667 
0.1220608325 
0.108545116666667 
0.0849734658333332 
0.123786238333333 
0.163812793333333 
0.130505466666667 
0.117324034166667 
0.104094391666667 
0.0908845008333332 
0.119396029166667 
0.147891829166666 
0.176344493333333 
0.204824804166666 
0.232976170833333 
0.26136756 
0.2780079025 
0.316867906666667 
0.356923204166667 
0.327089053333333 
0.313876515 
0.300744654166667 
0.287646736666667 
0.2745693675 
0.261469594166666 
0.248411421666666 
0.235015240833333 
0.221777763333333 
0.208573015833333 
0.195401890833333 
0.18224017 
0.2193050925 
0.258983583333333 
0.300275648333333 
0.287146565833333 
0.274016593333333 
0.260895385 
0.247802736666666 
0.2344255525 
0.221158515 
0.207984596666666 
0.194823388333333 
0.18169031 
0.168520169166666 
0.154207746666666 
0.1922721775 
0.232073905833333 
0.192874118333333 
0.179648545 
0.166529358333333 
0.153154445 
0.139800196666666 
0.1265632875 
0.113331855833333 
0.100058946666666 
0.0867792366666664 
0.115208203333333 
0.143682369166666 
0.160644413333333 
0.199498269166666 
0.239479761666666 
0.207159553333333 
0.167608918333333 
0.144081640833333 
0.128682158333333 
0.112282896666666 
0.0950004774999997 
0.118566130833333 
0.141760750833333 
0.1686986725 
0.197165899166666 
0.225544171666666 
0.238724496666666 
0.2746937725 
0.310463061666666 
0.27867614 
0.261529925833333 
0.2447712925 
0.2274011625 
0.2105843425 
0.1947698925 
0.178461196666666 
0.161824269166666 
0.14531649 
0.126975573333333 
0.102144281666666 
0.134868526666666 
0.174319659166666 
0.141201971666666 
0.1759055725 
0.159478385833333 
0.146354609166666 
0.130535269166666 
0.116195035833333 
0.146453705 
0.129608024166666 
0.114765833333333 
0.101717359166666 
0.0743010924999996 
0.113337028333333 
0.153285226666666 
0.119927518333333 
0.10032156 
0.0760652883333329 
0.0939507283333329 
0.112544263333333 
0.131775073333333 
0.150890334166666 
0.17045925 
0.189687850833333 
0.208168403333333 
0.226743515833333 
0.244804389166666 
0.244804389166666 
0.244804389166666 
0.244804389166666 
0.244804389166666 
0.244804389166666 
0.244804389166666 
0.244804389166666 
0.244804389166666 
0.244804389166666 
0.244804389166666 
0.244804389166666 
0.244804389166666 
0.244804389166666 
0.244804389166666 
0.244804389166666 
0.244804389166666 
0.244804389166666 
0.244804389166666 
0.244804389166666 
0.244804389166666 
0.244804389166666 
0.244804389166666 
0.208440725 
0.172914393333333 
0.137340171666666 
0.101779789166666 
0.1424812625 
0.106509219166666 
0.0721440558333329 
0.105377170833333 
0.142946515 
0.180545106666666 
0.2182124475 
0.25587356 
0.293077005 
0.330759490833333 
0.368373135 
0.4059583525 
0.443527439166666 
0.482108130833333 
0.457133106666666 
0.432085270833333 
0.407019898333333 
0.381966340833333 
0.407092844166666 
0.434447498333333 
0.462797878333333 
0.430706481666666 
0.40560309 
0.380419874166666 
0.355284557499999 
0.330185408333333 
0.30507771 
0.2798429275 
0.254618303333333 
0.229400936666666 
0.270300061666666 
0.301032409166666 
0.3335967025 
0.308204614166666 
0.282752601666666 
0.257312418333333 
0.298570706666666 
0.322882766666666 
0.348509300833333 
0.374766496666666 
0.401663405 
0.4292056525 
0.457220476666666 
0.448097596666666 
0.422775579166666 
0.397421268333333 
0.37200839 
0.346567505 
0.321107546666666 
0.2956877275 
0.270238373333333 
0.2447311125 
0.219349879166666 
0.192517439166666 
0.217800435833333 
0.244590108333333 
0.272346810833333 
0.240447985833333 
0.214863397499999 
0.189275416666666 
0.163855539166666 

