183.95521 
183.9689 
184.60503 
184.43794 
183.71912 
178.80693 
349.41214 
310.38693 
322.17155 
-358.26344 
-314.75291 
-314.91168 
185.26912 
185.16538 
185.44409 
185.45159 
184.8714 
179.27313 
184.21937 
184.72666 
78.94198 
300.36014 
313.94143 
372.51859 
-321.55609 
-321.86511 
-321.86611 
-315.52889 
-316.31853 
-319.73568 
-315.5361 
-314.8255 
184.31832 
346.49278 
313.06106 
353.03607 
-315.68695 
-315.34403 
-316.11432 
-315.86798 
183.69875 
180.93764 
184.26354 
185.92407 
185.07399 
184.62715 
185.08084 
426.03761 
308.9595 
316.04026 
-446.36305 
-315.25039 
-314.86977 
-317.86896 
-314.74952 
-313.88827 
-315.43632 
185.28175 
186.01302 
71.14718 
305.80229 
319.57998 
-495.88505 
-313.64763 
-312.03006 
184.09912 
160.50859 
30.15857 
147.76594 
151.1684 
162.20371 
101.94955 
163.57848 
387.53093 
105.49253 
467.74154 
-182.9756 
-61.7371700000001 
375.12633 
-408.30326 
-15.86657 
-446.02156 
434.34956 
-485.15758 
-440.16066 
-438.7621 
-438.03751 
73.04997 
416.76938 
206.04089 
217.99859 
285.01618 
-422.46906 
-421.992 
-421.47503 
77.92637 
77.43084 
78.74072 
77.17342 
76.91626 
77.87083 
199.90893 
76.8005000000001 
493.01708 
-7.62601999999998 
-423.98687 
-423.30366 
-423.04301 
78.27068 
77.96989 
78.07884 
77.6063 
78.24121 
77.90705 
74.51252 
78.157 
275.85167 
218.29788 
225.97059 
359.37278 
-427.23788 
-298.21958 
-296.64004 
-297.36756 
202.20788 
203.06569 
198.82827 
200.88195 
202.36937 
201.92252 
101.83591 
325.98378 
340.476 
414.4756 
-296.18613 
-296.1027 
-296.0941 
-296.1198 
-300.62589 
-297.5613 
-297.00683 
-296.89074 
-297.49603 
11.86739 
334.27743 
347.21194 
-424.22104 
79.17116 
75.16895 
71.34945 
66.76 
71.53357 
74.11137 
75.1942 
75.04554 
74.05624 
74.90433 
437.26668 
208.14736 
220.27336 
283.89245 
-424.1992 
-427.62969 
-425.19472 
-422.38108 
-423.69323 
74.90604 
74.88675 
75.70316 
353.5096 
214.18098 
225.49099 
-493.59247 
-423.86184 
71.6601 
69.08855 
8.27757000000003 
464.66743 
464.42901 
463.58966 
466.30683 
363.82774 
142.48821 
155.08481 
288.34843 
-488.83324 
-492.88485 
-490.7622 
-488.86249 
493.82458 
-482.63685 
-455.85691 
-460.01396 
9.38258000000002 
45.60314 
45.6449 
421.68814 
424.07181 
-426.61547 
-110.07833 
-65.56184 
-72.94762 
488.90201 
-135.94782 
-211.13137 
-210.36103 
-210.29043 
303.00004 
295.17405 
422.44613 
433.68118 
492.4268 
-192.46717 
0 
0 
0 
0 
0 
0 
0 
0 
0 
0 
0 
0 
0 
0 
0 
0 
0 
0 
329.91426 
398.19713 
380.32084 
369.68829 
14.6365500000001 
58.98634 
61.9612100000001 
70.1164 
368.90273 
443.02671 
-332.66463 
-308.20508 
-307.5735 
-307.40375 
-308.12893 
-308.39996 
-307.36431 
-305.82667 
-428.10052 
311.84461 
325.63517 
434.07674 
-307.1291 
-306.63996 
-305.98521 
-307.27606 
-307.27835 
-308.10057 
-307.80881 
-308.28952 
192.82821 
99.8484 
312.74677 
326.41238 
480.54397 
-307.78719 
-306.95917 
-307.33117 
-307.96471 
-308.36862 
191.87113 
191.30654 
190.62273 
190.97125 
187.69138 
333.0982 
318.91124 
351.58266 
-310.48561 
-310.69178 
-314.13054 
-311.4877 
-311.25019 
-312.01005 
187.56326 
188.55081 
188.47568 
188.66793 
403.2076 
315.62526 
328.64686 
-327.7267 
-310.07315 
-310.0417 
-310.31657 
-310.70731 
-310.93879 
189.6301 
190.47361 
189.79046 
188.23803 
184.95419 
2.48917 
308.35443 
35.65741 
339.2544 
338.06196 
-229.37055 
-315.1276 
-314.79575 
-413.05136 
276.3248 
295.6702 
305.0347 
312.74183 
318.11515 
325.88729 
447.64198 
-316.81558 
-312.965 
-310.38672 
-310.13793 
-310.71674 
-311.99244 
-311.46598 
-310.80197 
-310.92453 
188.65493 
188.73138 
188.55264 
276.70589 
314.9245 
327.7329 
-469.8022 
-310.93478 
-311.6612 
-311.77347 
-309.5887 
190.65537 
189.3108 
188.74246 
438.6674 
317.16266 
329.89166 
-320.67037 
-310.92433 
-311.0768 
-311.51123 
-312.62569 
35.87121 
346.79829 
-296.83603 
21.2795000000001 
406.32053 
424.39935 
-434.70867 
-213.05322 
-182.83636 
328.03252 
317.65667 
284.26355 
71.35492 
-251.22187 
-77.47756 
-76.49019 
-74.41303 
-429.15522 
62.85484 
71.1125500000001 
395.3789 
374.25897 
374.23064 
-449.45177 
-425.14533 
-424.58631 
408.2016 
459.31674 
-439.70999 
411.87938 
107.80222 
-81.5280499999999 
-70.3827900000001 
-156.79857 
-157.05852 
-156.61082 
-156.1658 
-156.95026 
342.70509 
342.99639 
342.96776 
343.50857 
342.91844 
342.89864 
48.93688 
475.02083 
486.45004 
-272.40702 
-155.88117 
-156.27144 
-156.66743 
-157.07063 
-157.38739 
-157.25942 
-157.88873 
-157.3763 
-156.76716 
471.61117 
481.9108 
-422.23809 
-156.75063 
-156.67496 
-156.9501 
-156.6157 
-156.26514 
-156.45028 
-156.9666 
-156.60735 
-155.94637 
-156.7756 
-156.37163 
496.8855 
481.34497 
-488.6554 
-156.31709 
-155.48836 
-156.01284 
-155.81537 
-155.90323 
344.38384 
344.54028 
343.21445 
343.14352 
344.09424 
241.82314 
471.88294 
486.0677 
-347.39923 
-156.68754 
-156.533 
-156.85176 
-156.18413 
-156.39157 
-157.09981 
-157.37523 
-156.49686 
-156.12434 
-156.4788 
-157.51458 
476.50595 
481.38916 
-468.13227 
-157.0839 
-156.2091 
-156.3844 
-156.66528 
-156.1732 
-156.18599 
-156.1927 
-157.57602 
343.71562 
343.82795 
154.23975 
475.31446 
488.37889 
-246.69355 
-156.31575 
-157.44175 
-156.25294 
-155.55348 
-156.4138 
-157.35433 
-156.59164 
-156.24677 
-156.11846 
-157.20959 
303.48951 
464.64024 
482.35041 
-495.10141 
321.88668 
409.64567 
-242.97764 
45.2162599999999 
-495.32977 
-449.43521 
92.73857 
169.16927 
164.01121 
32.37409 
38.9999 
343.5325 
382.94555 
396.21907 
392.54742 
395.191 
400.93637 
391.51149 
427.14451 
441.28397 
-56.26982 
-213.88737 
430.77318 
-4.11402999999996 
-458.57293 
76.8076700000001 
-84.07088 
-82.12046 
-81.13705 
-80.63541 
-80.65173 
-80.13542 
-78.9241500000001 
-74.82775 
-75.28194 
-76.13479 
-440.83165 
-440.28896 
-427.9473 
-108.58642 
-74.3704 
-456.05244 
-305.57223 
-306.03485 
-304.64163 
-304.92947 
-305.35506 
194.01096 
194.50576 
397.47395 
318.92016 
330.75048 
-388.1059 
-307.28001 
-307.48104 
-307.32114 
-307.57037 
192.38991 
193.30698 
193.71472 
193.47578 
193.57053 
193.35484 
366.63324 
321.6644 
333.17984 
-352.05297 
-307.14492 
-306.94752 
-307.51662 
-307.95154 
-307.98796 
191.50974 
191.6325 
190.76951 
191.43445 
192.01747 
324.83815 
318.05516 
328.85414 
-326.95746 
-310.22678 
-309.88379 
-310.33663 
-309.09832 
-309.64036 
-309.9142 
190.75111 
190.9647 
191.49567 
191.09503 
191.22763 
296.25128 
319.78741 
330.09351 
-326.24556 
-308.77156 
-309.38578 
-310.18448 
-309.48634 
-309.60662 
190.30382 
190.10773 
190.44464 
189.67561 
429.78558 
316.78413 
329.4165 
-364.10797 
-310.45788 
-310.62325 
-310.98363 
-311.11126 
188.69746 
189.9562 
190.22881 
189.45913 
189.17032 
190.22094 
79.85425 
310.16602 
324.55842 
400.40801 
-137.16456 
-137.68355 
-137.54432 
-137.70887 
-137.3375 
-138.08861 
-137.9114 
-137.93672 
-137.5443 
-137.6375 
-137.25317 
-331.8481 
-322.98734 
-317.34177 
363.07596 
362.8 
362.60759 
362.29114 
362.4 
362.94936 
362.94937 
363.03797 
360.98734 
362.45571 
362.98735 
183.6875 
177.70886 
207.60759 
-138.26582 
-138.46836 
-138.24051 
-138.0625 
-138.05064 
-138.12657 
-137.66666 
-448.52914 
-453.50365 
-364.69325 
384.09113 
50.0105400000002 
-439.9975 
-169.32162 
-80.62159 
-77.49947 
-72.47302 
-70.11611 
-68.87646 
-66.00458 
97.19688 
471.99217 
-31.4053100000001 
-77.26369 
-47.4591800000001 
-390.16036 
-205.85647 
-201.22675 
-483.02388 
-433.80103 
-442.57579 
476.02629 
376.49653 
-157.23438 
-157.76714 
-162.18859 
-282.85981 
465.75327 
480.31866 
-399.68792 
-158.17719 
-158.75571 
-158.51869 
342.13834 
341.9496 
341.43197 
341.76373 
337.8164 
340.69667 
199.68411 
466.32005 
480.66357 
-358.00981 
-158.55046 
-157.58233 
-157.17501 
-156.92843 
-157.19728 
-156.69807 
-160.75417 
-158.84973 
-158.45697 
-158.0535 
-157.94065 
444.77907 
476.14189 
495.50478 
-157.54899 
-157.55967 
-157.4545 
-157.11178 
-160.52621 
-159.20445 
-158.08702 
-157.9345 
-157.59694 
-158.04169 
-171.74907 
456.77317 
477.62074 
-470.39745 
-158.70688 
-157.43024 
-160.49896 
-160.25098 
-158.84291 
-158.77718 
-159.27491 
-159.35652 
341.1476 
341.68999 
203.54453 
466.24627 
479.77791 
-387.8425 
-474.60762 
-282.32733 
-184.79379 
-196.79114 
-207.38903 
282.78784 
278.33544 
323.25506 
341.60672 
340.53927 
158.1639 
431.63131 
429.23147 
-381.44306 
-205.75457 
-201.1036 
-208.44156 
-201.80184 
-189.7734 
-195.70435 
-199.64313 
-198.09335 
-220.091 
-297.9755 
392.69094 
473.41359 
-397.41225 
416.44321 
-197.12624 
-157.48532 
-189.83208 
-172.0828 
363.10403 
-202.14817 
-178.10629 
-156.58169 
-328.9952 
468.43123 
479.37838 
-400.2925 
-235.2715 
-291.07526 
214.62528 
223.12242 
230.76972 
229.38313 
234.82699 
230.74321 
221.76663 
222.90135 
216.73048 
0 
0 
0 
0 
0 
0 
0 
0 
0 
0 
0 
0 
0 
0 
0 
0 
0 
0 
0 
0 
0 
0 
-436.36397 
-426.31598 
-426.89066 
-426.72459 
488.41768 
-431.66452 
-412.38196 
398.79738 
450.83213 
451.1831 
452.00809 
451.93335 
446.44134 
452.18983 
451.36373 
451.02261 
450.82904 
462.9683 
-299.70029 
-300.57403 
-300.78447 
-300.64269 
301.51804 
328.25585 
340.20456 
-385.09676 
-301.2407 
-302.19859 
-301.6238 
-301.18979 
-301.29238 
-302.81739 
-302.69549 
-302.6084 
490.7895 
368.78817 
390.77152 
-304.70506 
-305.42415 
-305.2822 
495.09946 
291.74472 
307.51841 
315.08635 
322.7629 
330.50697 
336.17789 
-109.47456 
-303.86421 
-304.25173 
-304.95454 
-305.29062 
-305.5195 
-305.03783 
-305.39225 
-306.08713 
-304.5748 
-321.98928 
303.39596 
321.47607 
333.08043 
-382.7859 
-307.01506 
-307.05577 
-305.03853 

