316.04479 
316.0311 
315.39497 
315.56206 
316.28088 
321.19307 
650.58786 
689.61307 
677.82845 
358.26344 
314.75291 
314.91168 
314.73088 
314.83462 
314.55591 
314.54841 
315.1286 
320.72687 
315.78063 
315.27334 
421.05802 
699.63986 
686.05857 
627.48141 
321.55609 
321.86511 
321.86611 
315.52889 
316.31853 
319.73568 
315.5361 
314.8255 
315.68168 
653.50722 
686.93894 
646.96393 
315.68695 
315.34403 
316.11432 
315.86798 
316.30125 
319.06236 
315.73646 
314.07593 
314.92601 
315.37285 
314.91916 
573.96239 
691.0405 
683.95974 
446.36305 
315.25039 
314.86977 
317.86896 
314.74952 
313.88827 
315.43632 
314.71825 
313.98698 
428.85282 
694.19771 
680.42002 
495.88505 
313.64763 
312.03006 
315.90088 
339.49141 
469.84143 
352.23406 
348.8316 
337.79629 
398.05045 
836.42152 
1112.46907 
1394.50747 
4532.25846 
1182.9756 
1061.73717 
1624.87367 
908.30326 
515.86657 
446.02156 
3065.65044 
985.15758 
440.16066 
438.7621 
438.03751 
426.95003 
583.23062 
793.95911 
782.00141 
714.98382 
422.46906 
421.992 
421.47503 
422.07363 
422.56916 
421.25928 
422.82658 
423.08374 
422.12917 
800.09107 
1423.1995 
1506.98292 
507.62602 
423.98687 
423.30366 
423.04301 
421.72932 
422.03011 
421.92116 
422.3937 
421.75879 
422.09295 
425.48748 
421.843 
724.14833 
781.70212 
774.02941 
640.62722 
427.23788 
298.21958 
296.64004 
297.36756 
297.79212 
296.93431 
301.17173 
299.11805 
297.63063 
298.07748 
398.16409 
674.01622 
659.524 
585.5244 
296.18613 
296.1027 
296.0941 
296.1198 
300.62589 
297.5613 
297.00683 
296.89074 
297.49603 
488.13261 
665.72257 
652.78806 
424.22104 
420.82884 
424.83105 
428.65055 
433.24 
428.46643 
425.88863 
424.8058 
424.95446 
425.94376 
425.09567 
562.73332 
791.85264 
779.72664 
716.10755 
424.1992 
427.62969 
425.19472 
422.38108 
423.69323 
425.09396 
425.11325 
424.29684 
646.4904 
785.81902 
774.50901 
493.59247 
423.86184 
428.3399 
430.91145 
491.72243 
535.33257 
535.57099 
536.41034 
533.69317 
636.17226 
857.51179 
844.91519 
711.65157 
488.83324 
492.88485 
490.7622 
488.86249 
506.17542 
482.63685 
455.85691 
460.01396 
490.61742 
454.39686 
454.3551 
1078.31186 
2575.92819 
926.61547 
610.07833 
565.56184 
572.94762 
1011.09799 
635.94782 
711.13137 
710.36103 
710.29043 
696.99996 
704.82595 
1077.55387 
1066.31882 
1007.5732 
692.46717 
0 
0 
0 
0 
0 
0 
0 
0 
0 
0 
0 
0 
0 
0 
0 
0 
0 
0 
670.08574 
601.80287 
619.67916 
630.31171 
985.36345 
941.01366 
938.03879 
929.8836 
631.09727 
2556.97329 
332.66463 
308.20508 
307.5735 
307.40375 
308.12893 
308.39996 
307.36431 
305.82667 
428.10052 
688.15539 
674.36483 
565.92326 
307.1291 
306.63996 
305.98521 
307.27606 
307.27835 
308.10057 
307.80881 
308.28952 
307.17179 
400.1516 
687.25323 
673.58762 
519.45603 
307.78719 
306.95917 
307.33117 
307.96471 
308.36862 
308.12887 
308.69346 
309.37727 
309.02875 
312.30862 
666.9018 
681.08876 
648.41734 
310.48561 
310.69178 
314.13054 
311.4877 
311.25019 
312.01005 
312.43674 
311.44919 
311.52432 
311.33207 
596.7924 
684.37474 
671.35314 
327.7267 
310.07315 
310.0417 
310.31657 
310.70731 
310.93879 
310.3699 
309.52639 
310.20954 
311.76197 
315.04581 
497.51083 
691.64557 
964.34259 
1160.7456 
1161.93804 
729.37055 
315.1276 
314.79575 
413.05136 
723.6752 
704.3298 
694.9653 
687.25817 
681.88485 
674.11271 
552.35802 
316.81558 
312.965 
310.38672 
310.13793 
310.71674 
311.99244 
311.46598 
310.80197 
310.92453 
311.34507 
311.26862 
311.44736 
723.29411 
685.0755 
672.2671 
469.8022 
310.93478 
311.6612 
311.77347 
309.5887 
309.34463 
310.6892 
311.25754 
561.3326 
682.83734 
670.10834 
320.67037 
310.92433 
311.0768 
311.51123 
312.62569 
1464.12879 
2153.20171 
796.83603 
1478.7205 
1093.67947 
1075.60065 
934.70867 
713.05322 
682.83636 
671.96748 
682.34333 
715.73645 
1928.64508 
1251.22187 
577.47756 
576.49019 
574.41303 
929.15522 
937.14516 
928.88745 
604.6211 
625.74103 
625.76936 
449.45177 
425.14533 
424.58631 
591.7984 
540.68326 
439.70999 
1588.12062 
2892.19778 
1581.52805 
1570.38279 
156.79857 
157.05852 
156.61082 
156.1658 
156.95026 
157.29491 
157.00361 
157.03224 
156.49143 
157.08156 
157.10136 
451.06312 
524.97917 
513.54996 
272.40702 
155.88117 
156.27144 
156.66743 
157.07063 
157.38739 
157.25942 
157.88873 
157.3763 
156.76716 
528.38883 
518.0892 
422.23809 
156.75063 
156.67496 
156.9501 
156.6157 
156.26514 
156.45028 
156.9666 
156.60735 
155.94637 
156.7756 
156.37163 
503.1145 
518.65503 
488.6554 
156.31709 
155.48836 
156.01284 
155.81537 
155.90323 
155.61616 
155.45972 
156.78555 
156.85648 
155.90576 
258.17686 
528.11706 
513.9323 
347.39923 
156.68754 
156.533 
156.85176 
156.18413 
156.39157 
157.09981 
157.37523 
156.49686 
156.12434 
156.4788 
157.51458 
523.49405 
518.61084 
468.13227 
157.0839 
156.2091 
156.3844 
156.66528 
156.1732 
156.18599 
156.1927 
157.57602 
156.28438 
156.17205 
345.76025 
524.68554 
511.62111 
246.69355 
156.31575 
157.44175 
156.25294 
155.55348 
156.4138 
157.35433 
156.59164 
156.24677 
156.11846 
157.20959 
196.51049 
535.35976 
517.64959 
495.10141 
1678.11332 
2590.35433 
742.97764 
1954.78374 
495.32977 
449.43521 
907.26143 
830.83073 
835.98879 
967.62591 
961.0001 
656.4675 
617.05445 
603.78093 
607.45258 
604.809 
599.06363 
608.48851 
572.85549 
558.71603 
556.26982 
713.88737 
1069.22682 
1004.11403 
958.57293 
2423.19233 
584.07088 
582.12046 
581.13705 
580.63541 
580.65173 
580.13542 
578.92415 
574.82775 
575.28194 
576.13479 
940.83165 
940.28896 
927.9473 
608.58642 
574.3704 
456.05244 
305.57223 
306.03485 
304.64163 
304.92947 
305.35506 
305.98904 
305.49424 
602.52605 
681.07984 
669.24952 
388.1059 
307.28001 
307.48104 
307.32114 
307.57037 
307.61009 
306.69302 
306.28528 
306.52422 
306.42947 
306.64516 
633.36676 
678.3356 
666.82016 
352.05297 
307.14492 
306.94752 
307.51662 
307.95154 
307.98796 
308.49026 
308.3675 
309.23049 
308.56555 
307.98253 
675.16185 
681.94484 
671.14586 
326.95746 
310.22678 
309.88379 
310.33663 
309.09832 
309.64036 
309.9142 
309.24889 
309.0353 
308.50433 
308.90497 
308.77237 
703.74872 
680.21259 
669.90649 
326.24556 
308.77156 
309.38578 
310.18448 
309.48634 
309.60662 
309.69618 
309.89227 
309.55536 
310.32439 
570.21442 
683.21587 
670.5835 
364.10797 
310.45788 
310.62325 
310.98363 
311.11126 
311.30254 
310.0438 
309.77119 
310.54087 
310.82968 
309.77906 
420.14575 
689.83398 
675.44158 
599.59199 
137.16456 
137.68355 
137.54432 
137.70887 
137.3375 
138.08861 
137.9114 
137.93672 
137.5443 
137.6375 
137.25317 
331.8481 
322.98734 
317.34177 
136.92404 
137.2 
137.39241 
137.70886 
137.6 
137.05064 
137.05063 
136.96203 
139.01266 
137.54429 
137.01265 
316.3125 
322.29114 
292.39241 
138.26582 
138.46836 
138.24051 
138.0625 
138.05064 
138.12657 
137.66666 
448.52914 
453.50365 
364.69325 
1615.90887 
2449.98946 
939.9975 
669.32162 
580.62159 
577.49947 
572.47302 
570.11611 
568.87646 
566.00458 
1902.80312 
3028.00783 
1031.40531 
1077.26369 
1047.45918 
890.16036 
705.85647 
701.22675 
483.02388 
433.80103 
442.57579 
1023.97371 
1123.50347 
157.23438 
157.76714 
162.18859 
282.85981 
534.24673 
519.68134 
399.68792 
158.17719 
158.75571 
158.51869 
157.86166 
158.0504 
158.56803 
158.23627 
162.1836 
159.30333 
300.31589 
533.67995 
519.33643 
358.00981 
158.55046 
157.58233 
157.17501 
156.92843 
157.19728 
156.69807 
160.75417 
158.84973 
158.45697 
158.0535 
157.94065 
555.22093 
523.85811 
504.49522 
157.54899 
157.55967 
157.4545 
157.11178 
160.52621 
159.20445 
158.08702 
157.9345 
157.59694 
158.04169 
171.74907 
543.22683 
522.37926 
470.39745 
158.70688 
157.43024 
160.49896 
160.25098 
158.84291 
158.77718 
159.27491 
159.35652 
158.8524 
158.31001 
296.45547 
533.75373 
520.22209 
387.8425 
474.60762 
282.32733 
184.79379 
196.79114 
207.38903 
217.21216 
221.66456 
176.74494 
158.39328 
159.46073 
341.8361 
568.36869 
570.76853 
381.44306 
205.75457 
201.1036 
208.44156 
201.80184 
189.7734 
195.70435 
199.64313 
198.09335 
220.091 
297.9755 
607.30906 
526.58641 
397.41225 
2083.55679 
197.12624 
157.48532 
189.83208 
172.0828 
636.89597 
202.14817 
178.10629 
156.58169 
328.9952 
531.56877 
520.62162 
400.2925 
235.2715 
291.07526 
285.37472 
276.87758 
269.23028 
270.61687 
265.17301 
269.25679 
278.23337 
277.09865 
283.26952 
0 
0 
0 
0 
0 
0 
0 
0 
0 
0 
0 
0 
0 
0 
0 
0 
0 
0 
0 
0 
0 
0 
436.36397 
426.31598 
426.89066 
426.72459 
2011.58232 
1431.66452 
912.38196 
601.20262 
549.16787 
548.8169 
547.99191 
548.06665 
553.55866 
547.81017 
548.63627 
548.97739 
549.17096 
537.0317 
299.70029 
300.57403 
300.78447 
300.64269 
698.48196 
671.74415 
659.79544 
385.09676 
301.2407 
302.19859 
301.6238 
301.18979 
301.29238 
302.81739 
302.69549 
302.6084 
1009.2105 
1131.21183 
1109.22848 
304.70506 
305.42415 
305.2822 
504.90054 
708.25528 
692.48159 
684.91365 
677.2371 
669.49303 
663.82211 
609.47456 
303.86421 
304.25173 
304.95454 
305.29062 
305.5195 
305.03783 
305.39225 
306.08713 
304.5748 
321.98928 
696.60404 
678.52393 
666.91957 
382.7859 
307.01506 
307.05577 
305.03853 

