0.0153296008333333 
0.0306603425 
0.046044095 
0.0614139233333333 
0.07672385 
0.0916244275 
0.120742105833333 
0.146607683333333 
0.1734553125 
0.143600025833333 
0.117370616666667 
0.0911279766666667 
0.10656707 
0.121997518333333 
0.1374511925 
0.152905491666667 
0.168311441666667 
0.183250869166667 
0.198602483333333 
0.213996371666667 
0.22057487 
0.203938215 
0.188433334166667 
0.177809883333333 
0.192680209166667 
0.207524783333333 
0.222369274166667 
0.237741866666667 
0.253048655833333 
0.2680706825 
0.283442674166667 
0.2988738825 
0.3142337425 
0.301441474166667 
0.285863229166667 
0.273616235 
0.288975655833333 
0.304363653333333 
0.31968746 
0.335031795 
0.350340024166667 
0.365418160833333 
0.380773455833333 
0.396267128333333 
0.411689960833333 
0.427075556666667 
0.44249896 
0.4363354275 
0.420415385833333 
0.4050854075 
0.409555153333333 
0.424950954166667 
0.440378473333333 
0.45555606 
0.429326933333333 
0.4031695775 
0.3768832175 
0.350656696666667 
0.324491115 
0.28875338 
0.314236904166667 
0.340868569166667 
0.299544815 
0.2734075125 
0.2474050075 
0.221079934166667 
0.192788983333333 
0.153635530833333 
0.1242826925 
0.0952133925000001 
0.108730368333333 
0.117226164166667 
0.0891910375000001 
0.121485281666667 
0.130276325833333 
0.1692547875 
0.154006820833333 
0.148862056666667 
0.180122584166667 
0.1460973125 
0.144775098333333 
0.149273301666667 
0.185469098333333 
0.1450393 
0.150025911666667 
0.15512907 
0.160292610833333 
0.166380108333333 
0.159444223333333 
0.134947630833333 
0.111447513333333 
0.0935321950000001 
0.0999931066666668 
0.106493773333333 
0.113037520833333 
0.119531385 
0.125983955 
0.132545681666667 
0.1389768 
0.145386488333333 
0.151875724166667 
0.126868135 
0.133268176666667 
0.132686266666667 
0.132050765 
0.1383851925 
0.144776554166667 
0.151189636666667 
0.157712193333333 
0.164209684166667 
0.170716254166667 
0.177183445833333 
0.183703546666667 
0.190195800833333 
0.1964051775 
0.202918260833333 
0.184239233333333 
0.160764056666667 
0.1379282725 
0.1262093375 
0.1322728475 
0.1490878825 
0.166034545833333 
0.1829205825 
0.199771239166667 
0.21669338 
0.2332624025 
0.250002565 
0.266866679166667 
0.283693555833333 
0.292179881666667 
0.27767853 
0.264384863333333 
0.25725783 
0.274242319166667 
0.291233760833333 
0.308225919166667 
0.325215935833333 
0.341830445 
0.358700336666667 
0.375616434166667 
0.392542205833333 
0.409417536666667 
0.410406485833333 
0.396596271666667 
0.383863933333333 
0.390178846666667 
0.396776443333333 
0.4030405225 
0.40898631 
0.414549643333333 
0.420510774166667 
0.426686721666667 
0.432952905 
0.4392067 
0.445378053333333 
0.451620080833333 
0.446392304166667 
0.422071250833333 
0.3987606975 
0.380751735 
0.387068468333333 
0.3930993275 
0.399333100833333 
0.405801344166667 
0.412160241666667 
0.418402411666667 
0.424642974166667 
0.430951570833333 
0.4187440375 
0.394925785833333 
0.372050035 
0.372583995833333 
0.3789288425 
0.3849005175 
0.390657896666667 
0.391347694166667 
0.388403313333334 
0.385439064166667 
0.382404869166667 
0.379597105 
0.368249416666667 
0.3384567675 
0.309713835 
0.292076204166667 
0.2930067675 
0.293599696666667 
0.294369513333334 
0.295297639166667 
0.294783020833334 
0.29622995 
0.299908540833334 
0.303240710833334 
0.3040225925 
0.307822854166667 
0.311626595833334 
0.346767274166667 
0.382106591666667 
0.3465553025 
0.337382108333334 
0.331918621666667 
0.325839653333334 
0.3665814875 
0.3552525025 
0.337658221666667 
0.320128135833334 
0.302603933333334 
0.28618727 
0.269118440833334 
0.304322285 
0.340462383333334 
0.38149795 
0.365459019166667 
0.365459019166667 
0.365459019166667 
0.365459019166667 
0.365459019166667 
0.365459019166667 
0.365459019166667 
0.365459019166667 
0.365459019166667 
0.365459019166667 
0.365459019166667 
0.365459019166667 
0.365459019166667 
0.365459019166667 
0.365459019166667 
0.365459019166667 
0.365459019166667 
0.365459019166667 
0.365459019166667 
0.392951874166667 
0.426134968333334 
0.457828371666667 
0.4469690625 
0.406522108333334 
0.36977097 
0.3332677375 
0.297444104166667 
0.286519331666667 
0.323438224166667 
0.295716171666667 
0.270032415 
0.24440129 
0.218784310833334 
0.1931069 
0.167406903333334 
0.141793210833334 
0.116307655 
0.080632611666667 
0.1066196625 
0.133755926666667 
0.169928988333334 
0.144334896666667 
0.118781566666667 
0.093282799166667 
0.1093431275 
0.125403265 
0.141394884166667 
0.157410816666667 
0.17338669 
0.1894557075 
0.1977764075 
0.182171971666667 
0.167706336666667 
0.166085000833334 
0.182102735 
0.198189470833334 
0.214245206666667 
0.2302481475 
0.246217429166667 
0.26220669 
0.278148901666667 
0.294034129166667 
0.3099484 
0.325589348333334 
0.311680865 
0.296590135 
0.284222023333334 
0.300014889166667 
0.315790574166667 
0.331279695833334 
0.346989054166667 
0.362718205 
0.378384034166667 
0.394014305833334 
0.409726873333334 
0.42543318 
0.4411555075 
0.433089474166667 
0.4177249125 
0.403445484166667 
0.4178015925 
0.43362883 
0.449458688333334 
0.465265640833334 
0.439373365 
0.413461799166667 
0.387597640833334 
0.361803775 
0.33595298 
0.309972815833334 
0.283718998333334 
0.2422597625 
0.267955965 
0.270927415833334 
0.257531949166667 
0.2440371125 
0.266589566666667 
0.240328933333334 
0.214095954166667 
0.1796750075 
0.202702074166667 
0.2273412575 
0.252760815833334 
0.278822635 
0.305332230833334 
0.332489505 
0.369793003333334 
0.343391705 
0.317311288333334 
0.291445728333334 
0.265600900833334 
0.239707839166667 
0.213708469166667 
0.187752970833334 
0.161852806666667 
0.135942429166667 
0.109997006666667 
0.0840579550000003 
0.0997706750000003 
0.122829499166667 
0.1490732075 
0.1763842825 
0.137234099166667 
0.1113228675 
0.0853511008333336 
0.101036645 
0.116904253333334 
0.132792200833334 
0.148568100833334 
0.164296639166667 
0.159185589166667 
0.143949144166667 
0.129773449166667 
0.144717585 
0.160473890833334 
0.176217490833334 
0.191924888333334 
0.207539414166667 
0.210528681666667 
0.239428539166667 
0.214692203333334 
0.216465495 
0.250325539166667 
0.285692151666667 
0.249466429166667 
0.231711994166667 
0.216475630833334 
0.2021450075 
0.18694973 
0.1689716925 
0.174917935833334 
0.15398278 
0.189192983333334 
0.2244854675 
0.259951048333334 
0.26585478 
0.271092683333334 
0.277018729166667 
0.309966970833334 
0.341155218333334 
0.372341105 
0.334886790833334 
0.299458013333334 
0.264075820833334 
0.298092620833334 
0.336369015833334 
0.299726516666667 
0.334049798333334 
0.343033316666667 
0.3362393125 
0.33037408 
0.3173075325 
0.3042193225 
0.291168420833334 
0.278154604166667 
0.265075415833334 
0.251967506666667 
0.2388838725 
0.2257978525 
0.2127569 
0.19966677 
0.18657499 
0.148986396666667 
0.188571465833334 
0.229108969166667 
0.206408384166667 
0.193418286666667 
0.180395666666667 
0.1673400475 
0.154250828333334 
0.1411352125 
0.128030260833334 
0.114872866666667 
0.101758175 
0.0886942450000004 
0.127995175833334 
0.168154409166667 
0.132967901666667 
0.119905349166667 
0.1068491025 
0.0937699275000004 
0.122385285833334 
0.1510298575 
0.179659000833334 
0.2082451175 
0.236861171666667 
0.2655323075 
0.294134340833334 
0.322770038333334 
0.322510496666667 
0.320955910833334 
0.321901294166667 
0.350541536666667 
0.37925084 
0.407916436666667 
0.436598489166667 
0.46527322 
0.452305206666667 
0.43935023 
0.4262847675 
0.413213394166667 
0.4002212475 
0.378706509166667 
0.4180300875 
0.458535729166667 
0.429585793333334 
0.416528498333334 
0.403484081666667 
0.390413101666667 
0.3773977575 
0.364365126666667 
0.351273475833334 
0.338158873333334 
0.325117468333333 
0.312107106666667 
0.299067206666667 
0.285940991666667 
0.325649820833334 
0.365765584166667 
0.326754561666667 
0.313664236666667 
0.300646811666667 
0.287614778333333 
0.274559338333334 
0.261544905 
0.248529405833333 
0.2355133475 
0.2223820125 
0.209358314166667 
0.196343976666667 
0.1675306225 
0.207140160833334 
0.247838401666667 
0.227280605833334 
0.214254293333334 
0.2011341475 
0.188113069166667 
0.175150279166667 
0.162115795833333 
0.149002935 
0.135953631666667 
0.1229330675 
0.109923195833333 
0.0968223966666668 
0.122113189166667 
0.1191665425 
0.117695743333333 
0.118103959166667 
0.144927849166667 
0.179064988333333 
0.158816851666667 
0.162584873333333 
0.1213073925 
0.0838544583333335 
0.0915826725000001 
0.105680111666667 
0.1193477125 
0.122045553333333 
0.125295545 
0.153923253333333 
0.1858353825 
0.218853638333333 
0.251565923333334 
0.284498506666667 
0.317909870833334 
0.350535828333334 
0.386131204166667 
0.422904868333334 
0.459882383333334 
0.442058435833334 
0.477956200833334 
0.477613365 
0.439398954166667 
0.445799593333334 
0.438793686666667 
0.431950315 
0.425188894166667 
0.418469276666667 
0.411748299166667 
0.4050703475 
0.398493335 
0.392257689166667 
0.385984194166667 
0.379639628333333 
0.3429036575 
0.306212910833333 
0.270550635833333 
0.2615017675 
0.255304234166667 
0.258966530833333 
0.275168845 
0.2913326075 
0.307612471666667 
0.323868349166667 
0.340088760833333 
0.356256340833333 
0.372465154166667 
0.363921316666667 
0.34883133 
0.334727203333334 
0.344051711666667 
0.360111710833333 
0.3761549575 
0.392211529166667 
0.408247331666667 
0.424279824166667 
0.440388739166667 
0.4565316325 
0.4309879475 
0.405452158333334 
0.379898395 
0.410451165 
0.437256531666667 
0.465021518333334 
0.435683770833334 
0.410088360833334 
0.384509400833334 
0.358883015833334 
0.3332203875 
0.307554724166667 
0.2818472025 
0.256149910833334 
0.230380703333334 
0.2046669075 
0.179001696666667 
0.2060715425 
0.232576139166667 
0.259980650833334 
0.232734195833334 
0.206881964166667 
0.181058315 
0.155196929166667 
0.129438735833334 
0.1036353725 
0.0778091891666669 
0.0937051150000003 
0.10961884 
0.1255768125 
0.141501398333334 
0.157437034166667 
0.140457974166667 
0.125440258333334 
0.111281384166667 
0.125760920833334 
0.141696624166667 
0.1575811425 
0.1733991025 
0.189275240833334 
0.205141355833334 
0.2210000075 
0.236842318333334 
0.252712705 
0.268519005833334 
0.262667804166667 
0.247399815 
0.233184523333334 
0.244508859166667 
0.260304035833334 
0.276085431666667 
0.291836795833334 
0.307577524166667 
0.3233023125 
0.339131995833334 
0.354984396666667 
0.3707726575 
0.386536850833334 
0.402388595833334 
0.409043116666667 
0.393223618333334 
0.378603486666667 
0.370304154166667 
0.400540440833334 
0.430733478333334 
0.460938118333334 
0.449462379166667 
0.4380175875 
0.426510203333334 
0.415017586666667 
0.40352286 
0.392060835 
0.380591043333334 
0.369153279166667 
0.341499270833334 
0.314583659166667 
0.288138511666667 
0.276728175 
0.265294841666667 
0.253845474166667 
0.242369735833334 
0.230903069166667 
0.2194821825 
0.208061296666667 
0.196647794166667 
0.185063405833334 
0.173601381666667 
0.162183660833334 
0.135824285833334 
0.108966690833334 
0.0846006566666669 
0.114745171666667 
0.144872808333334 
0.1750194325 
0.205180890833334 
0.2353433375 
0.265499456666667 
0.295693901666667 
0.29998314 
0.303857835833334 
0.315133398333334 
0.3471409925 
0.309641870833334 
0.2729754125 
0.2588652775 
0.252146811666667 
0.2456885225 
0.239649104166667 
0.233806095 
0.22806639 
0.222566008333334 
0.230665748333334 
0.269998429166667 
0.26738132 
0.260942679166667 
0.2569877475 
0.266141050833334 
0.290653011666667 
0.3155507825 
0.2752987925 
0.239148706666667 
0.202267390833334 
0.241936248333334 
0.273310959166667 
0.260208094166667 
0.2470608325 
0.233545116666667 
0.209973465833334 
0.248786238333334 
0.288812793333334 
0.255505466666667 
0.242324034166667 
0.229094391666667 
0.215884500833334 
0.2027293625 
0.189558495833334 
0.176344493333334 
0.1631581375 
0.1496428375 
0.13636756 
0.111341235833334 
0.15020124 
0.1902565375 
0.160422386666667 
0.147209848333334 
0.1340779875 
0.12098007 
0.107902700833334 
0.0948029275000003 
0.123411421666667 
0.1516819075 
0.180111096666667 
0.208573015833334 
0.2370685575 
0.265573503333334 
0.260971759166667 
0.258983583333334 
0.258608981666667 
0.287146565833334 
0.31568326 
0.344228718333334 
0.372802736666667 
0.401092219166667 
0.429491848333334 
0.457984596666667 
0.444823388333334 
0.43169031 
0.418520169166667 
0.404207746666667 
0.4422721775 
0.482073905833334 
0.442874118333334 
0.429648545 
0.416529358333334 
0.403154445 
0.389800196666667 
0.3765632875 
0.363331855833334 
0.350058946666667 
0.336779236666667 
0.323541536666667 
0.310349035833334 
0.285644413333334 
0.324498269166667 
0.364479761666667 
0.332159553333334 
0.292608918333334 
0.269081640833334 
0.253682158333334 
0.237282896666667 
0.2200004775 
0.201899464166667 
0.1834274175 
0.1686986725 
0.1554992325 
0.142210838333334 
0.113724496666667 
0.1496937725 
0.185463061666667 
0.15367614 
0.136529925833334 
0.1197712925 
0.1024011625 
0.0855843425000003 
0.111436559166667 
0.13679453 
0.161824269166667 
0.186983156666667 
0.210308906666667 
0.227144281666667 
0.21820186 
0.215986325833334 
0.224535305 
0.259238905833334 
0.242811719166667 
0.2296879425 
0.2138686025 
0.199528369166667 
0.229787038333334 
0.2129413575 
0.198099166666667 
0.1850506925 
0.157634425833334 
0.196670361666667 
0.23661856 
0.203260851666667 
0.183654893333334 
0.159398621666667 
0.135617395 
0.112544263333334 
0.090108406666667 
0.1092236675 
0.128792583333334 
0.148021184166667 
0.166501736666667 
0.185076849166667 
0.2031377225 
0.2031377225 
0.2031377225 
0.2031377225 
0.2031377225 
0.2031377225 
0.2031377225 
0.2031377225 
0.2031377225 
0.2031377225 
0.2031377225 
0.2031377225 
0.2031377225 
0.2031377225 
0.2031377225 
0.2031377225 
0.2031377225 
0.2031377225 
0.2031377225 
0.2031377225 
0.2031377225 
0.2031377225 
0.2031377225 
0.166774058333334 
0.131247726666667 
0.0956735050000004 
0.101779789166667 
0.1424812625 
0.106509219166667 
0.1138107225 
0.1470438375 
0.184613181666667 
0.222211773333334 
0.259879114166667 
0.297540226666667 
0.334743671666667 
0.3724261575 
0.410039801666667 
0.447625019166667 
0.485194105833334 
0.482108130833334 
0.457133106666667 
0.432085270833334 
0.407019898333334 
0.381966340833334 
0.407092844166667 
0.434447498333334 
0.462797878333334 
0.430706481666667 
0.40560309 
0.380419874166667 
0.3552845575 
0.330185408333334 
0.30507771 
0.2798429275 
0.254618303333334 
0.229400936666667 
0.270300061666667 
0.301032409166667 
0.3335967025 
0.308204614166667 
0.282752601666667 
0.257312418333334 
0.298570706666667 
0.322882766666667 
0.348509300833334 
0.374766496666667 
0.401663405 
0.4292056525 
0.457220476666667 
0.448097596666667 
0.464442245833334 
0.439087935 
0.413675056666667 
0.388234171666667 
0.362774213333334 
0.337354394166667 
0.31190504 
0.286397779166667 
0.261016545833334 
0.234184105833334 
0.2594671025 
0.286256775 
0.3140134775 
0.2821146525 
0.256530064166667 
0.230942083333334 
0.205522205833334 

