183.95521 
183.9689 
184.60503 
184.43794 
183.71912 
178.80693 
349.41214 
310.38693 
322.17155 
-358.26344 
-314.75291 
-314.91168 
185.26912 
185.16538 
185.44409 
185.45159 
184.8714 
179.27313 
184.21937 
184.72666 
78.94198 
-199.63986 
-186.05857 
-127.48141 
178.44391 
178.13489 
178.13389 
184.47111 
183.68147 
180.26432 
184.4639 
185.1745 
184.31832 
-153.50722 
-186.93894 
-146.96393 
184.31305 
184.65597 
183.88568 
184.13202 
183.69875 
180.93764 
184.26354 
185.92407 
185.07399 
184.62715 
185.08084 
-73.96239 
-191.0405 
-183.95974 
53.63695 
184.74961 
185.13023 
182.13104 
-314.74952 
-313.88827 
-315.43632 
-314.71825 
-313.98698 
-428.85282 
305.80229 
319.57998 
-495.88505 
-313.64763 
-312.03006 
-315.90088 
-339.49141 
-469.84143 
-352.23406 
-348.8316 
162.20371 
101.94955 
-336.42152 
387.53093 
105.49253 
467.74154 
-182.9756 
-61.7371700000001 
375.12633 
-408.30326 
-15.86657 
53.97844 
434.34956 
-485.15758 
59.83934 
61.2379 
61.96249 
73.04997 
-83.23062 
-293.95911 
-282.00141 
-214.98382 
77.53094 
78.008 
78.52497 
77.92637 
77.43084 
78.74072 
77.17342 
76.91626 
77.87083 
-300.09107 
76.8005000000001 
-6.98291999999992 
-7.62601999999998 
76.01313 
76.69634 
76.95699 
78.27068 
77.96989 
78.07884 
77.6063 
78.24121 
77.90705 
74.51252 
78.157 
-224.14833 
-281.70212 
-274.02941 
-140.62722 
72.76212 
201.78042 
203.35996 
202.63244 
202.20788 
203.06569 
198.82827 
200.88195 
202.36937 
201.92252 
101.83591 
-174.01622 
-159.524 
-85.5244 
203.81387 
203.8973 
203.9059 
203.8802 
199.37411 
202.4387 
202.99317 
203.10926 
202.50397 
11.86739 
-165.72257 
-152.78806 
75.77896 
79.17116 
75.16895 
71.34945 
66.76 
71.53357 
74.11137 
75.1942 
75.04554 
74.05624 
74.90433 
-62.73332 
-291.85264 
-279.72664 
-216.10755 
75.8008 
72.37031 
74.80528 
77.61892 
76.30677 
74.90604 
74.88675 
75.70316 
-146.4904 
-285.81902 
-274.50901 
6.40753000000001 
76.13816 
71.6601 
69.08855 
8.27757000000003 
-35.33257 
-35.5709900000001 
-36.41034 
-33.69317 
-136.17226 
-357.51179 
-344.91519 
-211.65157 
11.16676 
7.11515000000003 
9.23779999999999 
11.13751 
-6.17541999999997 
17.36315 
44.14309 
39.98604 
9.38258000000002 
45.60314 
45.6449 
421.68814 
424.07181 
-426.61547 
-110.07833 
-65.56184 
-72.94762 
488.90201 
-135.94782 
-211.13137 
-210.36103 
-210.29043 
-196.99996 
-204.82595 
422.44613 
433.68118 
492.4268 
-192.46717 
0 
0 
0 
0 
0 
0 
0 
0 
0 
0 
0 
0 
0 
0 
0 
0 
0 
0 
329.91426 
398.19713 
380.32084 
-130.31171 
-485.36345 
-441.01366 
-438.03879 
-429.8836 
-131.09727 
443.02671 
-332.66463 
-308.20508 
-307.5735 
-307.40375 
-308.12893 
-308.39996 
-307.36431 
-305.82667 
-428.10052 
311.84461 
325.63517 
434.07674 
-307.1291 
-306.63996 
-305.98521 
192.72394 
192.72165 
191.89943 
192.19119 
191.71048 
192.82821 
99.8484 
-187.25323 
-173.58762 
-19.4560300000001 
192.21281 
193.04083 
192.66883 
192.03529 
191.63138 
191.87113 
191.30654 
190.62273 
190.97125 
187.69138 
-166.9018 
-181.08876 
-148.41734 
189.51439 
189.30822 
185.86946 
188.5123 
188.74981 
187.98995 
187.56326 
188.55081 
188.47568 
188.66793 
-96.7924 
-184.37474 
-171.35314 
172.2733 
189.92685 
189.9583 
189.68343 
-310.70731 
-310.93879 
-310.3699 
-309.52639 
-310.20954 
-311.76197 
-315.04581 
-497.51083 
308.35443 
35.65741 
-160.7456 
-161.93804 
270.62945 
-315.1276 
-314.79575 
-413.05136 
276.3248 
295.6702 
305.0347 
312.74183 
318.11515 
325.88729 
447.64198 
-316.81558 
-312.965 
-310.38672 
-310.13793 
-310.71674 
-311.99244 
-311.46598 
-310.80197 
-310.92453 
-311.34507 
-311.26862 
188.55264 
276.70589 
314.9245 
327.7329 
-469.8022 
-310.93478 
-311.6612 
188.22653 
190.4113 
190.65537 
189.3108 
188.74246 
-61.3326 
-182.83734 
-170.10834 
179.32963 
189.07567 
188.9232 
188.48877 
187.37431 
35.87121 
346.79829 
-296.83603 
21.2795000000001 
406.32053 
424.39935 
-434.70867 
-213.05322 
-182.83636 
-171.96748 
-182.34333 
-215.73645 
71.35492 
-251.22187 
422.52244 
423.50981 
425.58697 
70.84478 
62.85484 
71.1125500000001 
395.3789 
374.25897 
374.23064 
-449.45177 
-425.14533 
-424.58631 
408.2016 
459.31674 
-439.70999 
411.87938 
107.80222 
-81.5280499999999 
-70.3827900000001 
-156.79857 
-157.05852 
-156.61082 
-156.1658 
-156.95026 
-157.29491 
-157.00361 
-157.03224 
-156.49143 
-157.08156 
-157.10136 
-451.06312 
475.02083 
486.45004 
-272.40702 
-155.88117 
-156.27144 
-156.66743 
-157.07063 
-157.38739 
-157.25942 
-157.88873 
-157.3763 
-156.76716 
471.61117 
481.9108 
-422.23809 
-156.75063 
-156.67496 
-156.9501 
343.3843 
343.73486 
343.54972 
343.0334 
343.39265 
344.05363 
343.2244 
343.62837 
-3.11450000000002 
-18.65503 
11.3446 
343.68291 
344.51164 
343.98716 
344.18463 
344.09677 
-155.61616 
-155.45972 
-156.78555 
-156.85648 
-155.90576 
-258.17686 
471.88294 
486.0677 
-347.39923 
-156.68754 
-156.533 
-156.85176 
-156.18413 
-156.39157 
-157.09981 
-157.37523 
-156.49686 
-156.12434 
-156.4788 
-157.51458 
476.50595 
481.38916 
-468.13227 
-157.0839 
-156.2091 
-156.3844 
-156.66528 
-156.1732 
-156.18599 
-156.1927 
-157.57602 
-156.28438 
-156.17205 
-345.76025 
475.31446 
488.37889 
-246.69355 
-156.31575 
-157.44175 
-156.25294 
-155.55348 
-156.4138 
-157.35433 
-156.59164 
-156.24677 
-156.11846 
-157.20959 
303.48951 
-35.3597600000001 
-17.64959 
4.89859000000001 
321.88668 
409.64567 
-242.97764 
45.2162599999999 
-495.32977 
-449.43521 
92.73857 
169.16927 
164.01121 
32.37409 
38.9999 
343.5325 
382.94555 
396.21907 
392.54742 
395.191 
400.93637 
391.51149 
427.14451 
441.28397 
443.73018 
-213.88737 
430.77318 
-4.11402999999996 
-458.57293 
76.8076700000001 
-84.07088 
-82.12046 
-81.13705 
-80.63541 
-80.65173 
-80.13542 
-78.9241500000001 
-74.82775 
-75.28194 
-76.13479 
-440.83165 
-440.28896 
-427.9473 
-108.58642 
-74.3704 
43.94756 
194.42777 
193.96515 
195.35837 
195.07053 
194.64494 
194.01096 
194.50576 
-102.52605 
-181.07984 
-169.24952 
111.8941 
192.71999 
192.51896 
192.67886 
192.42963 
192.38991 
193.30698 
193.71472 
-306.52422 
-306.42947 
-306.64516 
366.63324 
321.6644 
333.17984 
-352.05297 
-307.14492 
-306.94752 
-307.51662 
-307.95154 
-307.98796 
-308.49026 
-308.3675 
-309.23049 
-308.56555 
-307.98253 
324.83815 
318.05516 
328.85414 
-326.95746 
-310.22678 
-309.88379 
-310.33663 
-309.09832 
-309.64036 
-309.9142 
190.75111 
190.9647 
191.49567 
191.09503 
191.22763 
-203.74872 
-180.21259 
-169.90649 
173.75444 
191.22844 
190.61422 
189.81552 
190.51366 
190.39338 
190.30382 
190.10773 
190.44464 
189.67561 
-70.21442 
-183.21587 
-170.5835 
135.89203 
189.54212 
189.37675 
189.01637 
188.88874 
188.69746 
189.9562 
190.22881 
189.45913 
189.17032 
190.22094 
79.85425 
-189.83398 
-175.44158 
-99.59199 
362.83544 
362.31645 
362.45568 
-137.70887 
-137.3375 
-138.08861 
-137.9114 
-137.93672 
-137.5443 
-137.6375 
-137.25317 
-331.8481 
-322.98734 
-317.34177 
-136.92404 
-137.2 
-137.39241 
-137.70886 
-137.6 
-137.05064 
-137.05063 
-136.96203 
-139.01266 
-137.54429 
-137.01265 
-316.3125 
-322.29114 
-292.39241 
361.73418 
361.53164 
361.75949 
361.9375 
361.94936 
361.87343 
362.33334 
51.47086 
46.49635 
135.30675 
384.09113 
-449.98946 
-439.9975 
-169.32162 
-80.62159 
-77.49947 
-72.47302 
-70.11611 
-68.87646 
-66.00458 
97.19688 
471.99217 
-31.4053100000001 
-77.26369 
-47.4591800000001 
109.83964 
294.14353 
298.77325 
-483.02388 
-433.80103 
-442.57579 
476.02629 
376.49653 
-157.23438 
-157.76714 
-162.18859 
-282.85981 
465.75327 
480.31866 
-399.68792 
-158.17719 
-158.75571 
-158.51869 
-157.86166 
-158.0504 
-158.56803 
-158.23627 
-162.1836 
-159.30333 
-300.31589 
466.32005 
480.66357 
-358.00981 
-158.55046 
-157.58233 
-157.17501 
-156.92843 
-157.19728 
343.30193 
339.24583 
341.15027 
341.54303 
341.9465 
342.05935 
-55.22093 
-23.85811 
-4.49522000000002 
342.45101 
342.44033 
342.5455 
342.88822 
339.47379 
340.79555 
341.91298 
-157.9345 
-157.59694 
-158.04169 
-171.74907 
456.77317 
477.62074 
-470.39745 
-158.70688 
-157.43024 
-160.49896 
-160.25098 
-158.84291 
-158.77718 
-159.27491 
-159.35652 
-158.8524 
-158.31001 
-296.45547 
466.24627 
479.77791 
-387.8425 
-474.60762 
-282.32733 
-184.79379 
-196.79114 
-207.38903 
-217.21216 
-221.66456 
-176.74494 
-158.39328 
-159.46073 
-341.8361 
431.63131 
429.23147 
-381.44306 
-205.75457 
-201.1036 
-208.44156 
-201.80184 
310.2266 
304.29565 
300.35687 
301.90665 
279.909 
202.0245 
-107.30906 
-26.58641 
102.58775 
416.44321 
-197.12624 
-157.48532 
-189.83208 
-172.0828 
363.10403 
-202.14817 
-178.10629 
-156.58169 
-328.9952 
468.43123 
479.37838 
-400.2925 
-235.2715 
-291.07526 
-285.37472 
-276.87758 
-269.23028 
229.38313 
234.82699 
230.74321 
221.76663 
222.90135 
216.73048 
0 
0 
0 
0 
0 
0 
0 
0 
0 
0 
0 
0 
0 
0 
0 
0 
0 
0 
0 
0 
0 
0 
-436.36397 
-426.31598 
-426.89066 
73.27541 
488.41768 
-431.66452 
87.61804 
398.79738 
450.83213 
451.1831 
452.00809 
451.93335 
446.44134 
452.18983 
451.36373 
451.02261 
450.82904 
-37.0317 
-299.70029 
-300.57403 
-300.78447 
-300.64269 
301.51804 
328.25585 
340.20456 
-385.09676 
-301.2407 
-302.19859 
-301.6238 
-301.18979 
-301.29238 
-302.81739 
-302.69549 
-302.6084 
490.7895 
368.78817 
390.77152 
-304.70506 
-305.42415 
-305.2822 
495.09946 
291.74472 
307.51841 
315.08635 
322.7629 
330.50697 
336.17789 
-109.47456 
196.13579 
-304.25173 
-304.95454 
-305.29062 
-305.5195 
-305.03783 
-305.39225 
-306.08713 
-304.5748 
-321.98928 
303.39596 
321.47607 
333.08043 
-382.7859 
-307.01506 
-307.05577 
-305.03853 

