1000 
1000 
1000 
1000 
1000 
-163.26169 
-492.65648 
-531.68169 
-519.89707 
-200.33206 
-156.82153 
-156.9803 
-156.7995 
-156.90324 
-156.62453 
-156.61703 
-157.19722 
-162.79549 
-157.84925 
-157.34196 
-263.12664 
-541.70848 
1000 
1000 
1000 
1000 
1000 
-8.68047099999995 
-9.47011099999997 
-12.887261 
-8.68768099999994 
-7.97708099999994 
-8.83326099999994 
-346.658801 
-380.090521 
-340.115511 
-8.83853099999999 
-8.49561099999994 
-9.26590099999999 
-9.01956099999995 
-9.45283099999995 
-12.213941 
-8.88804099999999 
-7.22751099999999 
-8.07759099999998 
-8.52443099999999 
-8.07074099999994 
-267.113971 
-384.192081 
-377.111321 
-139.514631 
-8.40197099999995 
-8.02135099999998 
-11.020541 
-7.90110099999998 
-7.03985099999994 
-8.58790099999999 
-7.86983099999998 
-7.13856099999998 
-122.004401 
-387.349291 
-373.571601 
-189.036631 
-6.79921099999996 
-5.18164099999996 
-9.05246099999994 
-32.6429909999999 
-162.993011 
-45.385641 
-41.9831809999999 
-30.947871 
-91.202031 
-529.573101 
-805.620651 
1000 
1000 
1000 
1000 
1000 
224.7561865 
-40 
-40 
-1000 
-178.15582425 
366.84109575 
368.23965575 
368.96424575 
-80 
33.745272875 
-176.983217125 
-165.025517125 
-98.007927125 
194.506832875 
194.983892875 
195.500862875 
-40 
-40 
-80 
-80 
-60 
-60 
-280.441326895833 
-903.549756895833 
-987.333176895833 
12.0237231041667 
95.6628731041666 
96.3460831041667 
96.6067331041667 
97.9204231041667 
97.6196331041667 
97.7285831041667 
97.2560431041666 
97.8909531041667 
97.5567931041667 
94.1622631041666 
97.8067431041666 
-204.498586895833 
-262.052376895833 
-254.379666895833 
-120.977476895833 
92.4118631041666 
221.430163104167 
223.009703104167 
222.282183104167 
221.857623104167 
222.715433104167 
218.478013104167 
220.531693104167 
222.019113104167 
221.572263104167 
121.485653104167 
-154.366476895833 
-139.874256895833 
-65.8746568958334 
223.463613104167 
223.547043104167 
-80 
-40 
-80 
-20 
-40 
-60 
-40 
-79.6081177336309 
-257.198077733631 
-244.263567733631 
-15.696547733631 
-12.3043477336309 
-16.3065577336309 
-20.1260577336309 
-24.7155077336309 
-19.9419377336309 
-17.3641377336309 
-16.2813077336309 
-16.4299677336309 
-17.4192677336309 
-16.5711777336309 
-154.208827733631 
-383.328147733631 
-371.202147733631 
-307.583057733631 
-15.674707733631 
-19.1051977336309 
-16.670227733631 
-13.8565877336309 
-15.168737733631 
-16.5694677336309 
-16.5887577336309 
-15.7723477336309 
-237.965907733631 
-377.294527733631 
-365.984517733631 
-85.0679777336309 
-15.3373477336309 
-19.8154077336309 
-22.3869577336309 
-83.1979377336309 
-126.808077733631 
-127.046497733631 
-127.885847733631 
-125.168677733631 
-227.647767733631 
1000 
1000 
1000 
1000 
74.2413698831846 
76.3640198831846 
78.2637298831846 
60.9507998831846 
-80 
-20 
-80 
26.0303099415923 
62.2508699415923 
62.2926299415923 
-561.664130058408 
-1000 
-409.967740058408 
-93.4306000584078 
-48.9141100584077 
-56.2998900584078 
-494.450260058408 
-119.300090058408 
-194.483640058408 
-193.713300058408 
-193.642700058408 
-180.352230058408 
-188.178220058408 
-560.906140058408 
1000 
1000 
1000 
1000 
604.118763720796 
0 
0 
0 
0 
0 
0 
0 
0 
0 
0 
0 
0 
0 
0 
0 
0 
-368.026358139602 
-299.743488139602 
-317.619778139602 
-328.252328139602 
-683.304068139602 
-638.954278139602 
-635.979408139602 
-627.824218139602 
-329.037888139602 
-1000 
1000 
1000 
1000 
1000 
1000 
-0.972680069801015 
-40 
-40 
-121.0891350349 
-381.1440050349 
-367.3534450349 
-258.911875034901 
-0.117715034900471 
0.37142496509955 
1.02617496509953 
-0.264675034900449 
-0.266965034900466 
-1.08918503490048 
-0.797425034900471 
-1.27813503490046 
-0.160405034900464 
-93.1402150349005 
-380.241845034901 
-366.5762350349 
-212.444645034901 
-0.775805034900486 
0.0522149650995516 
-0.319785034900463 
-0.953325034900502 
-1.3572350349005 
-1.11748503490048 
-1.68207503490049 
-2.36588503490049 
-2.01736503490048 
-5.2972350349005 
-359.8904150349 
-374.0773750349 
-341.4059550349 
-3.47422503490048 
-3.68039503490047 
-7.11915503490047 
-4.47631503490049 
-4.23880503490045 
-4.99866503490045 
-5.42535503490046 
-4.43780503490046 
-4.51293503490047 
-4.32068503490046 
-289.781015034901 
-377.3633550349 
-364.341755034901 
1000 
1000 
1000 
1000 
0.0681474825497617 
-0.163332517450215 
0.405557482549796 
1.24906748254978 
0.565917482549764 
-0.986512517450251 
-4.27035251745025 
-186.73537251745 
-380.87011251745 
-653.56713251745 
-849.97014251745 
-851.16258251745 
-418.59509251745 
-4.3521425174502 
-4.02029251745023 
-102.27590251745 
-412.89974251745 
-393.55434251745 
1000 
1000 
1000 
1000 
-54.6926625087252 
180.849777491275 
184.700357491275 
187.278637491275 
187.527427491275 
-80 
-20 
-20 
-40 
-60 
-20 
-20 
-60 
-318.838761879363 
-280.620151879363 
-267.811751879363 
-65.3468518793626 
93.5205681206374 
92.7941481206374 
92.6818781206375 
94.8666481206374 
95.1107181206374 
93.7661481206374 
93.1978081206374 
-156.877251879363 
-278.381991879363 
-265.652991879363 
83.7849781206374 
93.5310181206374 
93.3785481206374 
92.9441181206374 
91.8296581206374 
-1000 
-1000 
-392.380681879363 
-1000 
-689.224121879363 
1000 
1000 
1000 
1000 
1000 
-72.2990179396812 
-105.692137939681 
-1000 
-641.177557939681 
32.5667520603188 
33.5541220603188 
35.6312820603188 
-319.110907939681 
-327.100847939681 
-318.843137939681 
5.42321206031886 
-15.6967179396812 
-15.7250479396812 
160.592542060319 
184.898982060319 
185.458002060319 
18.2459120603188 
69.3610520603188 
170.334322060319 
-978.076307939681 
-1000 
-971.483737939681 
1000 
1000 
1000 
1000 
1000 
291.18554396667 
-20 
-60 
-20 
-60 
-80 
-80 
-110.200791151587 
-184.116841151587 
-172.687631151587 
68.455308848413 
184.981158848413 
-40 
-40 
-20 
-40 
-20 
-20 
-80 
-80 
-279.414634325793 
-269.115004325794 
-173.263894325794 
92.2235656742065 
92.2992356742065 
92.0240956742065 
92.3584956742065 
92.7090556742065 
92.5239156742065 
92.0075956742065 
92.3668456742065 
93.0278256742065 
92.1985956742065 
92.6025656742065 
-254.140304325794 
-269.680834325794 
-239.681204325793 
92.6571056742065 
93.4858356742065 
92.9613556742065 
93.1588256742065 
93.0709656742065 
93.3580356742065 
93.5144756742065 
92.1886456742065 
-80 
-60 
-55.4992021628967 
-325.439402162897 
-311.254642162897 
-144.721572162897 
45.9901178371032 
46.1446578371033 
45.8258978371032 
46.4935278371032 
46.2860878371033 
45.5778478371033 
45.3024278371033 
46.1807978371033 
46.5533178371033 
46.1988578371032 
45.1630778371033 
-320.816392162897 
-315.933182162897 
-265.454612162897 
45.5937578371033 
46.4685578371032 
46.2932578371033 
46.0123778371033 
46.5044578371032 
46.4916678371033 
46.4849578371033 
45.1016378371033 
46.3932778371033 
46.5056078371032 
-143.082592162897 
-322.007882162897 
-308.943452162897 
-44.0158921628967 
46.3619078371032 
45.2359078371032 
46.4247178371033 
47.1241778371032 
46.2638578371032 
45.3233278371033 
46.0860178371032 
46.4308878371033 
46.5591978371033 
45.4680678371033 
6.16716783710325 
-332.682102162897 
-314.971932162897 
-292.423752162897 
-1000 
-1000 
1000 
1000 
1000 
1000 
-350.606806081448 
-274.176106081448 
-279.334166081448 
-410.971286081448 
-404.345476081448 
-99.8128760814484 
-60.3998260814484 
-47.1263060814484 
-50.7979560814484 
-48.1543760814484 
-42.4090060814484 
-51.8338860814484 
-16.2008660814485 
-2.06140608144847 
0.384803918551597 
-157.232746081448 
-512.572196081449 
-447.459406081448 
-401.918306081448 
-1000 
1000 
1000 
1000 
1000 
1000 
-10.9465550407241 
-9.73528504072419 
-5.63888504072418 
-6.0930750407241 
-6.94592504072409 
-371.642785040724 
-371.100095040724 
-358.758435040724 
-39.3975550407241 
-5.18153504072416 
113.136424959276 
263.616634959276 
263.154014959276 
264.547234959276 
264.259394959276 
-20 
-20 
-20 
-165.125227520362 
-243.679017520362 
-231.848697520362 
49.2949224796379 
130.120812479638 
129.919782479638 
130.079682479638 
129.830452479638 
129.790732479638 
-60 
-20 
-20 
-20 
-80 
-261.408633760181 
-306.377473760181 
-294.862033760181 
19.905156239819 
64.813206239819 
65.010606239819 
64.441506239819 
64.0065862398189 
63.970166239819 
63.467866239819 
63.590626239819 
62.727636239819 
63.392576239819 
63.975596239819 
-303.203723760181 
-309.986713760181 
-299.187733760181 
45.0006662398189 
61.7313462398189 
62.074336239819 
61.621496239819 
62.859806239819 
62.317766239819 
62.043926239819 
62.7092362398189 
62.922826239819 
63.453796239819 
63.053156239819 
63.1857562398189 
-331.790593760181 
-308.254463760181 
-297.948363760181 
45.712566239819 
63.1865662398189 
62.572346239819 
61.773646239819 
62.471786239819 
62.3515062398189 
62.2619462398189 
62.065856239819 
62.402766239819 
61.633736239819 
-198.256293760181 
-311.257743760181 
-298.625373760181 
7.85015623981894 
61.500246239819 
61.334876239819 
60.974496239819 
60.846866239819 
60.6555862398189 
61.914326239819 
62.186936239819 
61.417256239819 
61.128446239819 
62.179066239819 
-48.1876237601811 
-317.875853760181 
-303.483453760181 
-227.633863760181 
234.793566239819 
234.274576239819 
234.413806239819 
234.249256239819 
234.620626239819 
233.869516239819 
234.046726239819 
234.021406239819 
-40 
-40 
-40 
-77.1298752134238 
-68.2691152134239 
-62.6235452134239 
117.794184786576 
117.518224786576 
117.325814786576 
-20 
-80 
-40 
-60 
-60 
-40 
-40 
-60 
-120.207027606712 
-126.185667606712 
-96.2869376067119 
57.8396523932881 
57.6371123932881 
57.8649623932881 
58.0429723932881 
58.0548323932881 
57.9789023932881 
58.4388123932881 
-252.423667606712 
-257.398177606712 
-168.587777606712 
-1000 
-1000 
-743.892027606712 
-473.216147606712 
1000 
1000 
1000 
1000 
-183.234950053356 
-180.363070053356 
-1000 
-1000 
-645.763800053356 
-691.622180053356 
-661.817670053356 
1000 
1000 
1000 
1000 
106.553157473322 
97.7783974733221 
-483.619522526678 
-583.149282526678 
383.119807473322 
382.587047473322 
378.165597473322 
257.494377473322 
6.10745747332214 
20.6728474733221 
140.666267473322 
-80 
-40 
-20 
-60 
-60 
-20 
-40 
-80 
-60 
49.2864748477721 
-184.077585152228 
-169.734065152228 
-8.40744515222787 
191.051904847772 
192.020034847772 
192.427354847772 
192.673934847772 
-20 
-40 
-20 
-20 
-20 
-60 
-40 
-301.280435433257 
-269.917615433257 
-250.554725433257 
96.3915045667432 
96.3808245667432 
96.4859945667432 
96.8287145667432 
93.4142845667432 
94.7360445667432 
95.8534745667432 
96.0059945667432 
96.3435545667432 
95.8988045667432 
-80 
-330.382047716628 
-309.534477716628 
-257.552667716628 
54.1379022833716 
55.4145422833716 
52.3458222833716 
52.5938022833716 
54.0018722833716 
54.0676022833716 
53.5698722833716 
53.4882622833716 
53.9923822833716 
54.5347722833716 
-83.6106877166284 
-320.908947716628 
-307.377307716628 
-174.997717716628 
-261.762837716628 
-69.4825477166284 
28.0509922833716 
16.0536422833716 
5.45575228337162 
-4.3673777166284 
-8.81977771662838 
36.0998422833716 
54.4515022833716 
53.3840522833716 
-128.991317716628 
-355.523907716628 
-357.923747716628 
-168.598277716628 
7.09021228337161 
11.7411822833716 
4.4032222833716 
11.0429422833716 
23.0713822833716 
17.1404322833716 
13.2016522833716 
14.7514322833716 
-7.24621771662839 
-85.1307177166284 
-394.464277716628 
-313.741627716628 
-184.567467716628 
-1000 
15.7185422833716 
55.3594622833716 
23.0127022833716 
40.7619822833716 
-424.051187716628 
10.6966122833716 
34.7384922833716 
56.2630922833716 
1000 
1000 
1000 
1000 
93.8356523916858 
38.0318923916858 
43.7324323916858 
52.2295723916858 
59.8768723916858 
58.4902823916858 
63.9341423916858 
59.8503623916858 
50.8737823916858 
-60 
-20 
0 
0 
0 
0 
0 
0 
0 
0 
0 
0 
0 
0 
0 
0 
0 
0 
0 
0 
0 
0 
0 
0 
-260.136056929157 
-250.088066929157 
-250.662746929157 
-250.496676929157 
-1000 
-1000 
-736.154046929157 
-424.974706929157 
1000 
1000 
1000 
1000 
-191.189287214579 
-185.440797214579 
-186.266897214579 
-186.608017214579 
-186.801587214579 
-174.662327214579 
62.6690827854214 
61.7953427854214 
61.5849027854214 
61.7266827854214 
-336.112587214579 
-309.374777214579 
-297.426067214579 
-22.7273872145786 
61.1286727854214 
60.1707827854214 
60.7455727854214 
61.1795827854214 
61.0769927854215 
59.5519827854214 
59.6738827854214 
59.7609727854214 
-646.841127214579 
-768.842457214579 
-746.859107214579 
57.6643127854214 
56.9452227854214 
57.0871727854214 
-142.531167214579 
-345.885907214579 
-330.112217214579 
1000 
1000 
1000 
1000 
-91.3566373572893 
214.253712642711 
213.866192642711 
213.163382642711 
-40 
-20 
-60 
-20 
-20 
-20 
-60 
-283.695692250073 
-265.615582250073 
-254.011222250073 
30.1224477499268 
105.893287749927 
105.852577749927 
107.869817749927 

