1316.04479 
1316.0311 
1315.39497 
1315.56206 
1316.28088 
157.93138 
157.93138 
157.93138 
157.93138 
157.93138 
157.93138 
157.93138 
157.93138 
157.93138 
157.93138 
157.93138 
157.93138 
157.93138 
157.93138 
157.93138 
157.93138 
157.93138 
1686.05857 
1627.48141 
1321.55609 
1321.86511 
1321.86611 
306.848419 
306.848419 
306.848419 
306.848419 
306.848419 
306.848419 
306.848419 
306.848419 
306.848419 
306.848419 
306.848419 
306.848419 
306.848419 
306.848419 
306.848419 
306.848419 
306.848419 
306.848419 
306.848419 
306.848419 
306.848419 
306.848419 
306.848419 
306.848419 
306.848419 
306.848419 
306.848419 
306.848419 
306.848419 
306.848419 
306.848419 
306.848419 
306.848419 
306.848419 
306.848419 
306.848419 
306.848419 
306.848419 
306.848419 
306.848419 
306.848419 
306.848419 
306.848419 
306.848419 
306.848419 
306.848419 
306.848419 
2394.50747 
5532.25846 
2182.9756 
2061.73717 
2624.87367 
1133.0594465 
475.86657 
406.02156 
2065.65044 
807.00175575 
807.00175575 
807.00175575 
807.00175575 
346.95003 
616.975892875 
616.975892875 
616.975892875 
616.975892875 
616.975892875 
616.975892875 
616.975892875 
382.07363 
382.56916 
341.25928 
342.82658 
363.08374 
362.12917 
519.649743104167 
519.649743104167 
519.649743104167 
519.649743104167 
519.649743104167 
519.649743104167 
519.649743104167 
519.649743104167 
519.649743104167 
519.649743104167 
519.649743104167 
519.649743104167 
519.649743104167 
519.649743104167 
519.649743104167 
519.649743104167 
519.649743104167 
519.649743104167 
519.649743104167 
519.649743104167 
519.649743104167 
519.649743104167 
519.649743104167 
519.649743104167 
519.649743104167 
519.649743104167 
519.649743104167 
519.649743104167 
519.649743104167 
519.649743104167 
519.649743104167 
519.649743104167 
519.649743104167 
519.649743104167 
519.649743104167 
216.0941 
256.1198 
220.62589 
277.5613 
257.00683 
236.89074 
257.49603 
408.524492266369 
408.524492266369 
408.524492266369 
408.524492266369 
408.524492266369 
408.524492266369 
408.524492266369 
408.524492266369 
408.524492266369 
408.524492266369 
408.524492266369 
408.524492266369 
408.524492266369 
408.524492266369 
408.524492266369 
408.524492266369 
408.524492266369 
408.524492266369 
408.524492266369 
408.524492266369 
408.524492266369 
408.524492266369 
408.524492266369 
408.524492266369 
408.524492266369 
408.524492266369 
408.524492266369 
408.524492266369 
408.524492266369 
408.524492266369 
408.524492266369 
408.524492266369 
408.524492266369 
408.524492266369 
408.524492266369 
408.524492266369 
408.524492266369 
408.524492266369 
408.524492266369 
1857.51179 
1844.91519 
1711.65157 
1488.83324 
567.126219883185 
567.126219883185 
567.126219883185 
567.126219883185 
402.63685 
435.85691 
380.01396 
516.647729941592 
516.647729941592 
516.647729941592 
516.647729941592 
1575.92819 
516.647729941592 
516.647729941592 
516.647729941592 
516.647729941592 
516.647729941592 
516.647729941592 
516.647729941592 
516.647729941592 
516.647729941592 
516.647729941592 
516.647729941592 
516.647729941592 
2066.31882 
2007.5732 
1692.46717 
1000 
604.118763720796 
0 
0 
0 
0 
0 
0 
0 
0 
0 
0 
0 
0 
0 
0 
0 
0 
302.059381860398 
302.059381860398 
302.059381860398 
302.059381860398 
302.059381860398 
302.059381860398 
302.059381860398 
302.059381860398 
302.059381860398 
1556.97329 
1332.66463 
1308.20508 
1307.5735 
1307.40375 
1308.12893 
307.427279930199 
267.36431 
265.82667 
307.0113849651 
307.0113849651 
307.0113849651 
307.0113849651 
307.0113849651 
307.0113849651 
307.0113849651 
307.0113849651 
307.0113849651 
307.0113849651 
307.0113849651 
307.0113849651 
307.0113849651 
307.0113849651 
307.0113849651 
307.0113849651 
307.0113849651 
307.0113849651 
307.0113849651 
307.0113849651 
307.0113849651 
307.0113849651 
307.0113849651 
307.0113849651 
307.0113849651 
307.0113849651 
307.0113849651 
307.0113849651 
307.0113849651 
307.0113849651 
307.0113849651 
307.0113849651 
307.0113849651 
307.0113849651 
307.0113849651 
307.0113849651 
307.0113849651 
307.0113849651 
307.0113849651 
307.0113849651 
307.0113849651 
307.0113849651 
307.0113849651 
1327.7267 
1310.07315 
1310.0417 
1310.31657 
310.77545748255 
310.77545748255 
310.77545748255 
310.77545748255 
310.77545748255 
310.77545748255 
310.77545748255 
310.77545748255 
310.77545748255 
310.77545748255 
310.77545748255 
310.77545748255 
310.77545748255 
310.77545748255 
310.77545748255 
310.77545748255 
310.77545748255 
310.77545748255 
1694.9653 
1687.25817 
1681.88485 
1674.11271 
497.665357491275 
497.665357491275 
497.665357491275 
497.665357491275 
497.665357491275 
230.71674 
291.99244 
291.46598 
270.80197 
250.92453 
291.34507 
291.26862 
251.44736 
404.455348120637 
404.455348120637 
404.455348120637 
404.455348120637 
404.455348120637 
404.455348120637 
404.455348120637 
404.455348120637 
404.455348120637 
404.455348120637 
404.455348120637 
404.455348120637 
404.455348120637 
404.455348120637 
404.455348120637 
404.455348120637 
404.455348120637 
404.455348120637 
404.455348120637 
464.12879 
1153.20171 
404.455348120637 
478.7205 
404.455348120637 
2075.60065 
1934.70867 
1713.05322 
1682.83636 
1671.96748 
610.044312060319 
610.044312060319 
928.64508 
610.044312060319 
610.044312060319 
610.044312060319 
610.044312060319 
610.044312060319 
610.044312060319 
610.044312060319 
610.044312060319 
610.044312060319 
610.044312060319 
610.044312060319 
610.044312060319 
610.044312060319 
610.044312060319 
610.044312060319 
610.044312060319 
610.044312060319 
1892.19778 
610.044312060319 
2570.38279 
1156.79857 
1157.05852 
1156.61082 
1156.1658 
448.13580396667 
137.29491 
97.00361 
137.03224 
96.49143 
77.08156 
77.10136 
340.862328848413 
340.862328848413 
340.862328848413 
340.862328848413 
340.862328848413 
116.27144 
116.66743 
137.07063 
117.38739 
137.25942 
137.88873 
77.3763 
76.76716 
248.974195674206 
248.974195674206 
248.974195674206 
248.974195674206 
248.974195674206 
248.974195674206 
248.974195674206 
248.974195674206 
248.974195674206 
248.974195674206 
248.974195674206 
248.974195674206 
248.974195674206 
248.974195674206 
248.974195674206 
248.974195674206 
248.974195674206 
248.974195674206 
248.974195674206 
248.974195674206 
248.974195674206 
248.974195674206 
248.974195674206 
248.974195674206 
248.974195674206 
76.85648 
95.90576 
202.677657837103 
202.677657837103 
202.677657837103 
202.677657837103 
202.677657837103 
202.677657837103 
202.677657837103 
202.677657837103 
202.677657837103 
202.677657837103 
202.677657837103 
202.677657837103 
202.677657837103 
202.677657837103 
202.677657837103 
202.677657837103 
202.677657837103 
202.677657837103 
202.677657837103 
202.677657837103 
202.677657837103 
202.677657837103 
202.677657837103 
202.677657837103 
202.677657837103 
202.677657837103 
202.677657837103 
202.677657837103 
202.677657837103 
202.677657837103 
202.677657837103 
202.677657837103 
202.677657837103 
202.677657837103 
202.677657837103 
202.677657837103 
202.677657837103 
202.677657837103 
202.677657837103 
202.677657837103 
202.677657837103 
202.677657837103 
202.677657837103 
202.677657837103 
202.677657837103 
202.677657837103 
678.11332 
1590.35433 
1742.97764 
2954.78374 
1495.32977 
1449.43521 
556.654623918552 
556.654623918552 
556.654623918552 
556.654623918552 
556.654623918552 
556.654623918552 
556.654623918552 
556.654623918552 
556.654623918552 
556.654623918552 
556.654623918552 
556.654623918552 
556.654623918552 
556.654623918552 
556.654623918552 
556.654623918552 
556.654623918552 
556.654623918552 
556.654623918552 
1423.19233 
1584.07088 
1582.12046 
1581.13705 
1580.63541 
1580.65173 
569.188864959276 
569.188864959276 
569.188864959276 
569.188864959276 
569.188864959276 
569.188864959276 
569.188864959276 
569.188864959276 
569.188864959276 
569.188864959276 
569.188864959276 
569.188864959276 
569.188864959276 
569.188864959276 
569.188864959276 
285.35506 
285.98904 
285.49424 
437.400822479638 
437.400822479638 
437.400822479638 
437.400822479638 
437.400822479638 
437.400822479638 
437.400822479638 
437.400822479638 
437.400822479638 
246.69302 
286.28528 
286.52422 
286.42947 
226.64516 
371.958126239819 
371.958126239819 
371.958126239819 
371.958126239819 
371.958126239819 
371.958126239819 
371.958126239819 
371.958126239819 
371.958126239819 
371.958126239819 
371.958126239819 
371.958126239819 
371.958126239819 
371.958126239819 
371.958126239819 
371.958126239819 
371.958126239819 
371.958126239819 
371.958126239819 
371.958126239819 
371.958126239819 
371.958126239819 
371.958126239819 
371.958126239819 
371.958126239819 
371.958126239819 
371.958126239819 
371.958126239819 
371.958126239819 
371.958126239819 
371.958126239819 
371.958126239819 
371.958126239819 
371.958126239819 
371.958126239819 
371.958126239819 
371.958126239819 
371.958126239819 
371.958126239819 
371.958126239819 
371.958126239819 
371.958126239819 
371.958126239819 
371.958126239819 
371.958126239819 
371.958126239819 
371.958126239819 
371.958126239819 
371.958126239819 
371.958126239819 
371.958126239819 
371.958126239819 
371.958126239819 
371.958126239819 
371.958126239819 
371.958126239819 
371.958126239819 
371.958126239819 
371.958126239819 
371.958126239819 
371.958126239819 
371.958126239819 
371.958126239819 
371.958126239819 
371.958126239819 
371.958126239819 
371.958126239819 
371.958126239819 
97.5443 
97.6375 
97.25317 
254.718224786576 
254.718224786576 
254.718224786576 
254.718224786576 
254.718224786576 
254.718224786576 
117.70886 
57.6 
97.05064 
77.05063 
76.96203 
99.01266 
97.54429 
77.01265 
196.105472393288 
196.105472393288 
196.105472393288 
196.105472393288 
196.105472393288 
196.105472393288 
196.105472393288 
196.105472393288 
196.105472393288 
196.105472393288 
196.105472393288 
196.105472393288 
196.105472393288 
615.90887 
1449.98946 
196.105472393288 
196.105472393288 
1580.62159 
1577.49947 
1572.47302 
1570.11611 
385.641509946644 
385.641509946644 
902.80312 
2028.00783 
385.641509946644 
385.641509946644 
385.641509946644 
1890.16036 
1705.85647 
1701.22675 
1483.02388 
540.354187473322 
540.354187473322 
540.354187473322 
540.354187473322 
540.354187473322 
540.354187473322 
540.354187473322 
540.354187473322 
540.354187473322 
540.354187473322 
540.354187473322 
78.17719 
118.75571 
138.51869 
97.86166 
98.0504 
138.56803 
118.23627 
82.1836 
99.30333 
349.602364847772 
349.602364847772 
349.602364847772 
349.602364847772 
349.602364847772 
349.602364847772 
349.602364847772 
349.602364847772 
137.19728 
116.69807 
140.75417 
138.84973 
138.45697 
98.0535 
117.94065 
253.940494566743 
253.940494566743 
253.940494566743 
253.940494566743 
253.940494566743 
253.940494566743 
253.940494566743 
253.940494566743 
253.940494566743 
253.940494566743 
253.940494566743 
253.940494566743 
253.940494566743 
91.74907 
212.844782283372 
212.844782283372 
212.844782283372 
212.844782283372 
212.844782283372 
212.844782283372 
212.844782283372 
212.844782283372 
212.844782283372 
212.844782283372 
212.844782283372 
212.844782283372 
212.844782283372 
212.844782283372 
212.844782283372 
212.844782283372 
212.844782283372 
212.844782283372 
212.844782283372 
212.844782283372 
212.844782283372 
212.844782283372 
212.844782283372 
212.844782283372 
212.844782283372 
212.844782283372 
212.844782283372 
212.844782283372 
212.844782283372 
212.844782283372 
212.844782283372 
212.844782283372 
212.844782283372 
212.844782283372 
212.844782283372 
212.844782283372 
212.844782283372 
212.844782283372 
212.844782283372 
212.844782283372 
212.844782283372 
212.844782283372 
212.844782283372 
212.844782283372 
1083.55679 
212.844782283372 
212.844782283372 
212.844782283372 
212.844782283372 
212.844782283372 
212.844782283372 
212.844782283372 
212.844782283372 
1328.9952 
1531.56877 
1520.62162 
1400.2925 
329.107152391686 
329.107152391686 
329.107152391686 
329.107152391686 
329.107152391686 
329.107152391686 
329.107152391686 
329.107152391686 
329.107152391686 
217.09865 
263.26952 
0 
0 
0 
0 
0 
0 
0 
0 
0 
0 
0 
0 
0 
0 
0 
0 
0 
0 
0 
0 
0 
0 
176.227913070843 
176.227913070843 
176.227913070843 
176.227913070843 
1011.58232 
431.66452 
176.227913070843 
176.227913070843 
1549.16787 
1548.8169 
1547.99191 
1548.06665 
362.369372785421 
362.369372785421 
362.369372785421 
362.369372785421 
362.369372785421 
362.369372785421 
362.369372785421 
362.369372785421 
362.369372785421 
362.369372785421 
362.369372785421 
362.369372785421 
362.369372785421 
362.369372785421 
362.369372785421 
362.369372785421 
362.369372785421 
362.369372785421 
362.369372785421 
362.369372785421 
362.369372785421 
362.369372785421 
362.369372785421 
362.369372785421 
362.369372785421 
362.369372785421 
362.369372785421 
362.369372785421 
362.369372785421 
362.369372785421 
362.369372785421 
1684.91365 
1677.2371 
1669.49303 
1663.82211 
518.117922642711 
518.117922642711 
518.117922642711 
518.117922642711 
265.29062 
285.5195 
245.03783 
285.39225 
286.08713 
284.5748 
261.98928 
412.908347749927 
412.908347749927 
412.908347749927 
412.908347749927 
412.908347749927 
412.908347749927 
412.908347749927 

