0.0833333333333333 
0.166666666666667 
0.25 
0.333333333333333 
0.416666666666667 
0.403061525833333 
0.362006819166667 
0.317700011666667 
0.274375255833333 
0.2576809175 
0.244612456666667 
0.231530765 
0.21846414 
0.20538887 
0.192336825833333 
0.179285406666667 
0.166185638333333 
0.1526193475 
0.139465243333333 
0.126353413333333 
0.104426193333333 
0.05928382 
0.142617153333333 
0.225950486666667 
0.30928382 
0.392617153333333 
0.475950486666667 
0.475227114083333 
0.474437938166667 
0.47336399975 
0.472640026333333 
0.471975269583333 
0.4712391645 
0.442350931083333 
0.410676721 
0.38233376175 
0.3815972175 
0.380889249916667 
0.3801170915 
0.379365461416667 
0.3785777255 
0.377559897083333 
0.376819227 
0.376216934416667 
0.375543801833333 
0.374833432583333 
0.374160870833333 
0.35190137325 
0.3198853665 
0.288459423083333 
0.276833203833333 
0.276133039583333 
0.275464593666667 
0.27454621525 
0.273887790166667 
0.273301135916667 
0.2725854775 
0.27192965825 
0.271334778166667 
0.26116774475 
0.228888637166667 
0.197757670416667 
0.182004617833333 
0.181438016916667 
0.1810062135 
0.18025184175 
0.1775315925 
0.163948841583333 
0.160166704833333 
0.156668106416667 
0.154089117166667 
0.146488947916667 
0.102357856166667 
0.0352228019166668 
0.11855613525 
0.201889468583333 
0.285222801916667 
0.36855613525 
0.451889468583333 
0.470619150791667 
0.467285817458333 
0.463952484125 
0.380619150791667 
0.365772832104167 
0.396342923416667 
0.427029561395833 
0.457776581875 
0.451109915208333 
0.45392202128125 
0.439173419854167 
0.425421293427083 
0.417253966166667 
0.43346286890625 
0.449711526645833 
0.46600326521875 
0.462669931885417 
0.459336598552083 
0.452669931885417 
0.44600326521875 
0.44100326521875 
0.43600326521875 
0.412633154644097 
0.337337341569444 
0.255059576828125 
0.256061553753472 
0.264033459845486 
0.272062300104167 
0.28011286119618 
0.288272896454861 
0.296407865880208 
0.304551914472222 
0.312656584730903 
0.32081416415625 
0.32894389691493 
0.336790752173611 
0.344941314098958 
0.327899765190972 
0.306062067116319 
0.284863761541667 
0.27478230513368 
0.282483293725694 
0.300935807317708 
0.319519949243055 
0.338043464501736 
0.356531599760417 
0.375091219185764 
0.393297720277778 
0.411675361369792 
0.430176954128472 
0.448641309387153 
0.4587651138125 
0.445901240737847 
0.434245052663194 
0.428755497921875 
0.447377465680555 
0.466006385939236 
0.459339719272569 
0.456006385939236 
0.449339719272569 
0.447673052605903 
0.444339719272569 
0.439339719272569 
0.436006385939236 
0.4293723761281 
0.407939202983631 
0.387583905672495 
0.386275860028026 
0.38525049771689 
0.383891617905754 
0.382214446427951 
0.380154820783482 
0.378492992639013 
0.37704598116121 
0.375689205516741 
0.374320041538938 
0.372868435894469 
0.371487504416667 
0.358636768772197 
0.326692756461062 
0.295759244149926 
0.270127322672123 
0.268821097027654 
0.267228997216518 
0.265839811572049 
0.264685095927579 
0.263421034449777 
0.262040245471974 
0.260657848994172 
0.259343486683036 
0.2395129943719 
0.208071783727431 
0.177573073916295 
0.170484075771825 
0.16920596346069 
0.167554679482887 
0.165689099671751 
0.158755938193948 
0.148188598382813 
0.137601390238343 
0.126944236260541 
0.116513513116071 
0.0975428658049355 
0.180876199138269 
0.264209532471602 
0.347542865804935 
0.430876199138269 
0.437062979961867 
0.443426648285466 
0.449948625775732 
0.45502785909933 
0.448361192432664 
0.446694525765997 
0.44002785909933 
0.442197051594463 
0.447384624089596 
0.452575676584728 
0.405770332413194 
0.322436999079861 
0.288273020741661 
0.28048713740346 
0.276410961565259 
0.271719304060392 
0.230515115722191 
0.220573441550657 
0.20436647154579 
0.188223696540923 
0.172086804869389 
0.157057452364521 
0.141375934026321 
0.0946337556881201 
0.177967089021453 
0.261300422354787 
0.34463375568812 
0.427967089021453 
0.47831031933152 
0.47831031933152 
0.47831031933152 
0.47831031933152 
0.47831031933152 
0.47831031933152 
0.47831031933152 
0.47831031933152 
0.47831031933152 
0.47831031933152 
0.47831031933152 
0.47831031933152 
0.47831031933152 
0.47831031933152 
0.47831031933152 
0.47831031933152 
0.47831031933152 
0.44764145615322 
0.422662832141586 
0.396194517296619 
0.368840156618319 
0.311898150940019 
0.258651961095052 
0.205653677083419 
0.153334992238452 
0.125915168226818 
0.042581834893485 
0.125915168226818 
0.209248501560152 
0.292581834893485 
0.375915168226818 
0.459248501560152 
0.459167444887668 
0.455834111554335 
0.452500778221001 
0.442410016968093 
0.410648016548518 
0.380035229462276 
0.358459239876035 
0.358449430289793 
0.358480382370218 
0.358565896950643 
0.358543840697735 
0.358521593611493 
0.358430828191918 
0.358364376105676 
0.358257864852768 
0.358244497766526 
0.350482813180284 
0.318795992760709 
0.288247973174467 
0.270544252754892 
0.270479602335317 
0.270483953582409 
0.270457304829501 
0.270377861076592 
0.270264758157017 
0.270171634404109 
0.270031461484534 
0.269834304398292 
0.269666190645384 
0.269224754392475 
0.2392338864729 
0.208060771886659 
0.17961027563375 
0.179320756880842 
0.1790140572946 
0.178420794375025 
0.178047768122117 
0.177694534369208 
0.177277978949633 
0.176825866030058 
0.176456048943817 
0.176079971024242 
0.175719913938 
0.151571496018425 
0.120124549765517 
0.0897627368459415 
0.173096070179275 
0.256429403512608 
0.339762736845941 
0.423096070179275 
0.423101749136154 
0.423088138093033 
0.423121934549912 
0.423226023506791 
0.423273183297004 
0.42319097392055 
0.422835111210762 
0.407273830167641 
0.37553465412452 
0.321070726414733 
0.250239881204945 
0.179309665995158 
0.144426741618704 
0.144064063075583 
0.143729038699129 
0.135206046822674 
0.10079773494622 
0.0680015397364327 
0.151334873069766 
0.234668206403099 
0.318001539736433 
0.401334873069766 
0.396777151194039 
0.411847965984978 
0.427239662442585 
0.442846215566858 
0.45847350119113 
0.451806834524464 
0.450140167857797 
0.448473501191131 
0.445140167857797 
0.440140167857797 
0.43847350119113 
0.436806834524464 
0.431806834524464 
0.405236937701184 
0.38185192504457 
0.359534279054623 
0.354088708064676 
0.361882088741396 
0.369614934418116 
0.377338424261502 
0.385243978271555 
0.393169871448275 
0.400983717124995 
0.408750201135048 
0.395677096811768 
0.372478597488488 
0.350340848165208 
0.357322929675261 
0.365117181185314 
0.372898726862034 
0.380644070038753 
0.388296541548807 
0.304963208215473 
0.22162987488214 
0.188931484725526 
0.105598151392193 
0.0481628079022461 
0.131496141235579 
0.214829474568913 
0.298162807902246 
0.381496141235579 
0.464829474568913 
0.458804556407273 
0.449996878245633 
0.366663544912299 
0.313232081750659 
0.315945977755686 
0.318742154594046 
0.321711428099072 
0.295118852437432 
0.267860448442459 
0.241290186947485 
0.241742121285845 
0.240434061457538 
0.239123640795898 
0.252506352634258 
0.267914601139285 
0.283369434644311 
0.284889927316005 
0.290670014987698 
0.304864541826058 
0.223358182831084 
0.140024849497751 
0.059067871336111 
0.142401204669444 
0.225734538002778 
0.309067871336111 
0.392401204669444 
0.475734538002778 
0.5 
0.498333333333333 
0.493333333333333 
0.491666666666667 
0.486666666666667 
0.48 
0.473333333333333 
0.464149934070701 
0.448806863974736 
0.434416228045437 
0.440120837116138 
0.455535933686839 
0.452202600353505 
0.448869267020172 
0.447202600353505 
0.443869267020172 
0.442202600353505 
0.440535933686839 
0.433869267020172 
0.427202600353505 
0.403918047493023 
0.38149179713254 
0.367053139272057 
0.374738436411574 
0.382430039384425 
0.390098714023942 
0.397795255330126 
0.405521009969643 
0.413231336275827 
0.420898635915344 
0.428595873054861 
0.436348191861045 
0.444031408167229 
0.45174828864008 
0.430569929946264 
0.408096527085781 
0.388123093391965 
0.395844518864815 
0.403635005170999 
0.411381784810516 
0.419145020283367 
0.426900934089551 
0.434680770395735 
0.442473643368585 
0.450156030508102 
0.443489363841436 
0.438489363841436 
0.433864430327861 
0.40674448014762 
0.380806593300711 
0.368746462287137 
0.372578972106895 
0.376424360259987 
0.380243185079746 
0.384117645732838 
0.387974819719263 
0.391772973705688 
0.395548176025447 
0.399396575845205 
0.403276018998297 
0.407125923818056 
0.410889513637815 
0.384154814290907 
0.357827049110665 
0.335705831430424 
0.339505311250182 
0.343377691069941 
0.347235462556366 
0.351069827376125 
0.35494519886255 
0.358819504515642 
0.362693251002067 
0.366451720821826 
0.370317827308251 
0.37419329462801 
0.362269745281102 
0.33543575510086 
0.309690467420619 
0.306022476407044 
0.309885968726803 
0.313655627713228 
0.317524354199653 
0.321451369019412 
0.325306690505837 
0.329083634492262 
0.332924135978688 
0.33679337663178 
0.340673309784872 
0.344462315437964 
0.344976246091056 
0.317252737577481 
0.291005076563906 
0.266636430550331 
0.183303097216998 
0.0999697638836647 
0.183303097216998 
0.266636430550331 
0.349969763883665 
0.433303097216998 
0.404085863376877 
0.381237854536757 
0.357960007363302 
0.323712400189848 
0.290016943849728 
0.281699204176274 
0.276665885336153 
0.272738693162699 
0.268505530155912 
0.264492665482458 
0.260958581642337 
0.256639091135549 
0.255289018962095 
0.255117235121975 
0.255149302115187 
0.242046573275067 
0.199332223601613 
0.162043939761492 
0.128550747588038 
0.0452174142547044 
0.128550747588038 
0.211884080921371 
0.295217414254704 
0.378550747588038 
0.461884080921371 
0.460971868001311 
0.460160594247917 
0.45969068716119 
0.459182930907796 
0.458604103821069 
0.427633871734342 
0.396708863814282 
0.366812327560888 
0.363529197974161 
0.363097403387434 
0.372525438800707 
0.39449349171398 
0.416422992960587 
0.43846859587386 
0.460490212120466 
0.458823545453799 
0.457156878787133 
0.455490212120466 
0.441729776493769 
0.421423191700406 
0.402102466907042 
0.406210377113679 
0.417053778153648 
0.427880426693618 
0.438720400233588 
0.449539604606891 
0.460355498980194 
0.455355498980194 
0.453688832313528 
0.452022165646861 
0.450355498980195 
0.443688832313528 
0.421904779500179 
0.396373323353498 
0.371801487206816 
0.373460250226801 
0.378861350746786 
0.384278901266771 
0.389649026786756 
0.394982908973407 
0.400313756160059 
0.405602745013377 
0.410901963866695 
0.41612926688668 
0.421411981573332 
0.426743281259983 
0.401476304279968 
0.375644078133287 
0.350711766986605 
0.35446182250659 
0.359606101359908 
0.364778962713226 
0.369914087399878 
0.375152404586529 
0.380345551773181 
0.385515878959832 
0.390741648646484 
0.395985217499802 
0.401273033853121 
0.406527463539772 
0.411792943226424 
0.384143727079742 
0.358455855099727 
0.333626824786378 
0.337436205306363 
0.342701752493015 
0.347916114679666 
0.353063918532985 
0.358269900719636 
0.363465859572955 
0.368654355092939 
0.373826509779591 
0.379026740299576 
0.384162884986227 
0.367641527172879 
0.341703381859531 
0.316817934046182 
0.317472113732834 
0.322597134252819 
0.32770837393947 
0.332789581959455 
0.337860154146107 
0.342914786332758 
0.34807431351941 
0.353256558206062 
0.358374662892713 
0.363468700079365 
0.368650288932683 
0.364634653619335 
0.338144999139319 
0.312854711325971 
0.293885222679289 
0.313451353199274 
0.332974234552592 
0.352508718405911 
0.372029489759229 
0.391581208612547 
0.411070334965865 
0.430574228819184 
0.450076012672502 
0.446742679339169 
0.443409346005835 
0.440076012672502 
0.433648523071383 
0.427959430136931 
0.422740801369146 
0.432556983434694 
0.442350168833575 
0.45212732006579 
0.450460653399123 
0.443793986732457 
0.440460653399123 
0.435460653399123 
0.430460653399123 
0.42712732006579 
0.423793986732457 
0.418793986732457 
0.408776734431897 
0.398261262131338 
0.390237350664112 
0.395057321696886 
0.399860414396327 
0.404682494595767 
0.409519408961875 
0.414357311661315 
0.419188886860756 
0.42405878789353 
0.403023482259637 
0.381573634125745 
0.367524652658519 
0.284191319325185 
0.200857985991852 
0.138866983691293 
0.0994323047240667 
0.1827656380574 
0.266098971390733 
0.349432304724067 
0.4327656380574 
0.417496058886287 
0.402465803048507 
0.319132469715174 
0.235799136381841 
0.181985486377394 
0.124350304706281 
0.069198832201835 
0.152532165535168 
0.235865498868502 
0.319198832201835 
0.402532165535168 
0.411411595324612 
0.419559795114055 
0.379258168236832 
0.330662394692942 
0.362589045315719 
0.394471299271829 
0.425985099061273 
0.447442963850716 
0.44795191864016 
0.449674655929603 
0.461396844885714 
0.454730178219047 
0.451396844885714 
0.449730178219047 
0.444730178219047 
0.439730178219047 
0.43806351155238 
0.434730178219047 
0.42806351155238 
0.42306351155238 
0.427170717789695 
0.411830919027009 
0.397686413597657 
0.396985793168304 
0.412906785238952 
0.4289084548096 
0.444944067713581 
0.461000228950895 
0.459333562284228 
0.456000228950895 
0.454333562284228 
0.452666895617562 
0.451000228950895 
0.446000228950895 
0.442666895617562 
0.41756019266479 
0.395067058045352 
0.374187497592581 
0.382220122973143 
0.390251858353705 
0.398292357900933 
0.406361417448162 
0.414145941162057 
0.422040611542619 
0.430028401089848 
0.438028900637076 
0.446057530184305 
0.454049097231533 
0.447382430564867 
0.419850593255148 
0.394056053445429 
0.37259333113571 
0.377104822992657 
0.381722701516272 
0.386084853373219 
0.390467670230167 
0.394967826253781 
0.399473459777396 
0.40393761580101 
0.408394970991291 
0.412894336181572 
0.417438900538519 
0.4104713432288 
0.383728930919081 
0.358114155276029 
0.343531012132977 
0.321717442323258 
0.315927230013539 
0.31826481270382 
0.319602616227434 
0.320057262251048 
0.319693314107996 
0.31895833263161 
0.321966652821891 
0.326504278012172 
0.330952949035786 
0.320203672559401 
0.290576680249682 
0.260749701273296 
0.24669984479691 
0.247290695820524 
0.248269127677472 
0.248636062867753 
0.249556308058034 
0.251478923248315 
0.252907292605263 
0.254007430295544 
0.255236716319158 
0.254632864842772 
0.247538638366386 
0.214666615223334 
0.188521479580282 
0.173140857270563 
0.0898075239372293 
0.0911174024608436 
0.0957306909844579 
0.0976484161747389 
0.101045248031687 
0.0657076490553009 
0.0665990334122485 
0.0694939077691961 
0.0741824987928104 
0.157515832126144 
0.240849165459477 
0.32418249879281 
0.407515832126144 
0.415335469825451 
0.418504794191425 
0.422149163557399 
0.426501627923372 
0.431491367289346 
0.436365557488653 
0.44169340268796 
0.446680932887268 
0.450920414753241 
0.445920414753241 
0.444253748086575 
0.444253748086575 
0.444253748086575 
0.444253748086575 
0.444253748086575 
0.444253748086575 
0.444253748086575 
0.444253748086575 
0.444253748086575 
0.444253748086575 
0.444253748086575 
0.444253748086575 
0.444253748086575 
0.444253748086575 
0.444253748086575 
0.444253748086575 
0.444253748086575 
0.444253748086575 
0.444253748086575 
0.444253748086575 
0.444253748086575 
0.444253748086575 
0.444253748086575 
0.422575743342478 
0.401735071098382 
0.380846508854286 
0.359971785776856 
0.276638452443522 
0.193305119110189 
0.131958948532759 
0.0965443896219963 
0.17987772295533 
0.263211056288663 
0.346544389621996 
0.42987772295533 
0.413945282354115 
0.398491882586233 
0.382969641151685 
0.36741897305047 
0.351852174115922 
0.337296980181374 
0.342519403746825 
0.34766901564561 
0.352801090877729 
0.357944981109847 
0.329935598841966 
0.304154367407418 
0.279368861806203 
0.277474912871655 
0.282568968937106 
0.287583200835891 
0.292645331901343 
0.297743630466795 
0.30283337986558 
0.307796045097699 
0.31276886866315 
0.317748949728602 
0.263845522460721 
0.199775317692839 
0.137537058758291 
0.142342418157076 
0.147087853389194 
0.15184511778798 
0.139967520520098 
0.111143694918883 
0.0836343434843349 
0.166967676817668 
0.250301010151002 
0.333634343484335 
0.416967676817668 
0.409354623704561 
0.42720909975812 
0.445031282478346 
0.462794897698572 
0.459461564365238 
0.457794897698572 
0.452794897698572 
0.451128231031905 
0.449461564365238 
0.447794897698572 
0.442794897698572 
0.419153590011066 
0.397018958156893 
0.37585135630272 
0.378361560281881 
0.387186000927708 
0.396007049073535 
0.404996200552696 

