1303189500
1303189800
1303190100
1303190400
1303190700
1303191000
1303191300
1303191600
1303191900
1303192200
1303192500
1303192800
1303193100
1303193400
1303193700
1303194000
1303194300
1303194600
1303194900
1303195200
1303195500
1303195800
1303196100
1303196400
1303196700
1303197000
1303197300
1303197600
1303197900
1303198200
1303198500
1303198800
1303199100
1303199400
1303199700
1303200000
1303200300
1303200600
1303200900
1303201200
1303201500
1303201800
1303202100
1303202400
1303202700
1303203000
1303203300
1303203600
1303203900
1303204200
1303204500
1303204800
1303205100
1303205400
1303205700
1303206000
1303206300
1303206600
1303206900
1303207200
1303207500
1303207800
1303208100
1303208400
1303208700
1303209000
1303209300
1303209600
1303209900
1303210200
1303210500
1303210800
1303211100
1303211400
1303211700
1303212000
1303212300
1303212600
1303212900
1303213200
1303213500
1303213800
1303214100
1303214400
1303214700
1303215000
1303215300
1303215600
1303215900
1303216200
1303216500
1303216800
1303217100
1303217400
1303217700
1303218000
1303218300
1303218600
1303218900
1303219200
1303219500
1303219800
1303220100
1303220400
1303220700
1303221000
1303221300
1303221600
1303221900
1303222200
1303222500
1303222800
1303223100
1303223400
1303223700
1303224000
1303224300
1303224600
1303224900
1303225200
1303225500
1303225800
1303226100
1303226400
1303226700
1303227000
1303227300
1303227600
1303227900
1303228200
1303228500
1303228800
1303229100
1303229400
1303229700
1303230000
1303230300
1303230600
1303230900
1303231200
1303231500
1303231800
1303232100
1303232400
1303232700
1303233000
1303233300
1303233600
1303233900
1303234200
1303234500
1303234800
1303235100
1303235400
1303235700
1303236000
1303236300
1303236600
1303236900
1303237200
1303237500
1303237800
1303238100
1303238400
1303238700
1303239000
1303239300
1303239600
1303239900
1303240200
1303240500
1303240800
1303241100
1303241400
1303241700
1303242000
1303242300
1303242600
1303242900
1303243200
1303243500
1303243800
1303244100
1303244400
1303244700
1303245000
1303245300
1303245600
1303245900
1303246200
1303246500
1303246800
1303247100
1303247400
1303247700
1303248000
1303248300
1303248600
1303248900
1303249200
1303249500
1303249800
1303250100
1303250400
1303250700
1303251000
1303251300
1303251600
1303251900
1303252200
1303252500
1303252800
1303253100
1303253400
1303253700
1303254000
1303254300
1303254600
1303254900
1303255200
1303255500
1303255800
1303256100
1303256400
1303256700
1303257000
1303257300
1303257600
1303257900
1303258200
1303258500
1303258800
1303259100
1303259400
1303259700
1303260000
1303260300
1303260600
1303260900
1303261200
1303261500
1303261800
1303262100
1303262400
1303262700
1303263000
1303263300
1303263600
1303263900
1303264200
1303264500
1303264800
1303265100
1303265400
1303265700
1303266000
1303266300
1303266600
1303266900
1303267200
1303267500
1303267800
1303268100
1303268400
1303268700
1303269000
1303269300
1303269600
1303269900
1303270200
1303270500
1303270800
1303271100
1303271400
1303271700
1303272000
1303272300
1303272600
1303272900
1303273200
1303273500
1303273800
1303274100
1303274400
1303274700
1303275000
1303275300
1303275600
1303275900
1303276200
1303276500
1303276800
1303277100
1303277400
1303277700
1303278000
1303278300
1303278600
1303278900
1303279200
1303279500
1303279800
1303280100
1303280400
1303280700
1303281000
1303281300
1303281600
1303281900
1303282200
1303282500
1303282800
1303283100
1303283400
1303283700
1303284000
1303284300
1303284600
1303284900
1303285200
1303285500
1303285800
1303286100
1303286400
1303286700
1303287000
1303287300
1303287600
1303287900
1303288200
1303288500
1303288800
1303289100
1303289400
1303289700
1303290000
1303290300
1303290600
1303290900
1303291200
1303291500
1303291800
1303292100
1303292400
1303292700
1303293000
1303293300
1303293600
1303293900
1303294200
1303294500
1303294800
1303295100
1303295400
1303295700
1303296000
1303296300
1303296600
1303296900
1303297200
1303297500
1303297800
1303298100
1303298400
1303298700
1303299000
1303299300
1303299600
1303299900
1303300200
1303300500
1303300800
1303301100
1303301400
1303301700
1303302000
1303302300
1303302600
1303302900
1303303200
1303303500
1303303800
1303304100
1303304400
1303304700
1303305000
1303305300
1303305600
1303305900
1303306200
1303306500
1303306800
1303307100
1303307400
1303307700
1303308000
1303308300
1303308600
1303308900
1303309200
1303309500
1303309800
1303310100
1303310400
1303310700
1303311000
1303311300
1303311600
1303311900
1303312200
1303312500
1303312800
1303313100
1303313400
1303313700
1303314000
1303314300
1303314600
1303314900
1303315200
1303315500
1303315800
1303316100
1303316400
1303316700
1303317000
1303317300
1303317600
1303317900
1303318200
1303318500
1303318800
1303319100
1303319400
1303319700
1303320000
1303320300
1303320600
1303320900
1303321200
1303321500
1303321800
1303322100
1303322400
1303322700
1303323000
1303323300
1303323600
1303323900
1303324200
1303324500
1303324800
1303325100
1303325400
1303325700
1303326000
1303326300
1303326600
1303326900
1303327200
1303327500
1303327800
1303328100
1303328400
1303328700
1303329000
1303329300
1303329600
1303329900
1303330200
1303330500
1303330800
1303331100
1303331400
1303331700
1303332000
1303332300
1303332600
1303332900
1303333200
1303333500
1303333800
1303334100
1303334400
1303334700
1303335000
1303335300
1303335600
1303335900
1303336200
1303336500
1303336800
1303337100
1303337400
1303337700
1303338000
1303338300
1303338600
1303338900
1303339200
1303339500
1303339800
1303340100
1303340400
1303340700
1303341000
1303341300
1303341600
1303341900
1303342200
1303342500
1303342800
1303343100
1303343400
1303343700
1303344000
1303344300
1303344600
1303344900
1303345200
1303345500
1303345800
1303346100
1303346400
1303346700
1303347000
1303347300
1303347600
1303347900
1303348200
1303348500
1303348800
1303349100
1303349400
1303349700
1303350000
1303350300
1303350600
1303350900
1303351200
1303351500
1303351800
1303352100
1303352400
1303352700
1303353000
1303353300
1303353600
1303353900
1303354200
1303354500
1303354800
1303355100
1303355400
1303355700
1303356000
1303356300
1303356600
1303356900
1303357200
1303357500
1303357800
1303358100
1303358400
1303358700
1303359000
1303359300
1303359600
1303359900
1303360200
1303360500
1303360800
1303361100
1303361400
1303361700
1303362000
1303362300
1303362600
1303362900
1303363200
1303363500
1303363800
1303364100
1303364400
1303364700
1303365000
1303365300
1303365600
1303365900
1303366200
1303366500
1303366800
1303367100
1303367400
1303367700
1303368000
1303368300
1303368600
1303368900
1303369200
1303369500
1303369800
1303370100
1303370400
1303370700
1303371000
1303371300
1303371600
1303371900
1303372200
1303372500
1303372800
1303373100
1303373400
1303373700
1303374000
1303374300
1303374600
1303374900
1303375200
1303375500
1303375800
1303376100
1303376400
1303376700
1303377000
1303377300
1303377600
1303377900
1303378200
1303378500
1303378800
1303379100
1303379400
1303379700
1303380000
1303380300
1303380600
1303380900
1303381200
1303381500
1303381800
1303382100
1303382400
1303382700
1303383000
1303383300
1303383600
1303383900
1303384200
1303384500
1303384800
1303385100
1303385400
1303385700
1303386000
1303386300
1303386600
1303386900
1303387200
1303387500
1303387800
1303388100
1303388400
1303388700
1303389000
1303389300
1303389600
1303389900
1303390200
1303390500
1303390800
1303391100
1303391400
1303391700
1303392000
1303392300
1303392600
1303392900
1303393200
1303393500
1303393800
1303394100
1303394400
1303394700
1303395000
1303395300
1303395600
1303395900
1303396200
1303396500
1303396800
1303397100
1303397400
1303397700
1303398000
1303398300
1303398600
1303398900
1303399200
1303399500
1303399800
1303400100
1303400400
1303400700
1303401000
1303401300
1303401600
1303401900
1303402200
1303402500
1303402800
1303403100
1303403400
1303403700
1303404000
1303404300
1303404600
1303404900
1303405200
1303405500
1303405800
1303406100
1303406400
1303406700
1303407000
1303407300
1303407600
1303407900
1303408200
1303408500
1303408800
1303409100
1303409400
1303409700
1303410000
1303410300
1303410600
1303410900
1303411200
1303411500
1303411800
1303412100
1303412400
1303412700
1303413000
1303413300
1303413600
1303413900
1303414200
1303414500
1303414800
1303415100
1303415400
1303415700
1303416000
1303416300
1303416600
1303416900
1303417200
1303417500
1303417800
1303418100
1303418400
1303418700
1303419000
1303419300
1303419600
1303419900
1303420200
1303420500
1303420800
1303421100
1303421400
1303421700
1303422000
1303422300
1303422600
1303422900
1303423200
1303423500
1303423800
1303424100
1303424400
1303424700
1303425000
1303425300
1303425600
1303425900
1303426200
1303426500
1303426800
1303427100
1303427400
1303427700
1303428000
1303428300
1303428600
1303428900
1303429200
1303429500
1303429800
1303430100
1303430400
1303430700
1303431000
1303431300
1303431600
1303431900
1303432200
1303432500
1303432800
1303433100
1303433400
1303433700
1303434000
1303434300
1303434600
1303434900
1303435200
1303435500
1303435800
1303436100
1303436400
1303436700
1303437000
1303437300
1303437600
1303437900
1303438200
1303438500
1303438800
1303439100
1303439400
1303439700
1303440000
1303440300
1303440600
1303440900
1303441200
1303441500
1303441800
1303442100
1303442400
1303442700
1303443000
1303443300
1303443600
1303443900
1303444200
1303444500
1303444800
1303445100
1303445400
1303445700
1303446000
1303446300
1303446600
1303446900
1303447200
1303447500
1303447800
1303448100
1303448400
